2.197265625000000000e-01 9.667968750000000000e-02 5.185546875000000000e-01
6.767578125000000000e-01 9.667968750000000000e-02 5.185546875000000000e-01
2.197265625000000000e-01 2.802734375000000000e-01 5.185546875000000000e-01
2.197265625000000000e-01 9.667968750000000000e-02 9.072265625000000000e-01
2.197265625000000000e-01 2.802734375000000000e-01 9.072265625000000000e-01
6.767578125000000000e-01 9.667968750000000000e-02 9.072265625000000000e-01
6.767578125000000000e-01 2.802734375000000000e-01 5.185546875000000000e-01
6.767578125000000000e-01 2.802734375000000000e-01 9.072265625000000000e-01
7.197265625000000000e-01 5.966796875000000000e-01 1.855468750000000000e-02
1.767578125000000000e-01 5.966796875000000000e-01 1.855468750000000000e-02
7.197265625000000000e-01 7.802734375000000000e-01 1.855468750000000000e-02
7.197265625000000000e-01 5.966796875000000000e-01 4.072265625000000000e-01
7.197265625000000000e-01 7.802734375000000000e-01 4.072265625000000000e-01
1.767578125000000000e-01 5.966796875000000000e-01 4.072265625000000000e-01
1.767578125000000000e-01 7.802734375000000000e-01 1.855468750000000000e-02
1.767578125000000000e-01 7.802734375000000000e-01 4.072265625000000000e-01
9.697265625000000000e-01 3.466796875000000000e-01 7.685546875000000000e-01
9.267578125000000000e-01 3.466796875000000000e-01 7.685546875000000000e-01
9.697265625000000000e-01 5.302734375000000000e-01 7.685546875000000000e-01
9.697265625000000000e-01 3.466796875000000000e-01 1.572265625000000000e-01
9.697265625000000000e-01 5.302734375000000000e-01 1.572265625000000000e-01
9.267578125000000000e-01 3.466796875000000000e-01 1.572265625000000000e-01
9.267578125000000000e-01 5.302734375000000000e-01 7.685546875000000000e-01
9.267578125000000000e-01 5.302734375000000000e-01 1.572265625000000000e-01
4.697265625000000000e-01 8.466796875000000000e-01 2.685546875000000000e-01
4.267578125000000000e-01 8.466796875000000000e-01 2.685546875000000000e-01
4.697265625000000000e-01 3.027343750000000000e-02 2.685546875000000000e-01
4.697265625000000000e-01 8.466796875000000000e-01 6.572265625000000000e-01
4.697265625000000000e-01 3.027343750000000000e-02 6.572265625000000000e-01
4.267578125000000000e-01 8.466796875000000000e-01 6.572265625000000000e-01
4.267578125000000000e-01 3.027343750000000000e-02 2.685546875000000000e-01
4.267578125000000000e-01 3.027343750000000000e-02 6.572265625000000000e-01
3.447265625000000000e-01 4.716796875000000000e-01 1.435546875000000000e-01
3.017578125000000000e-01 4.716796875000000000e-01 1.435546875000000000e-01
3.447265625000000000e-01 1.552734375000000000e-01 1.435546875000000000e-01
3.447265625000000000e-01 4.716796875000000000e-01 7.822265625000000000e-01
3.447265625000000000e-01 1.552734375000000000e-01 7.822265625000000000e-01
3.017578125000000000e-01 4.716796875000000000e-01 7.822265625000000000e-01
3.017578125000000000e-01 1.552734375000000000e-01 1.435546875000000000e-01
3.017578125000000000e-01 1.552734375000000000e-01 7.822265625000000000e-01
8.447265625000000000e-01 9.716796875000000000e-01 6.435546875000000000e-01
8.017578125000000000e-01 9.716796875000000000e-01 6.435546875000000000e-01
8.447265625000000000e-01 6.552734375000000000e-01 6.435546875000000000e-01
8.447265625000000000e-01 9.716796875000000000e-01 2.822265625000000000e-01
8.447265625000000000e-01 6.552734375000000000e-01 2.822265625000000000e-01
8.017578125000000000e-01 9.716796875000000000e-01 2.822265625000000000e-01
8.017578125000000000e-01 6.552734375000000000e-01 6.435546875000000000e-01
8.017578125000000000e-01 6.552734375000000000e-01 2.822265625000000000e-01
5.947265625000000000e-01 2.216796875000000000e-01 3.935546875000000000e-01
5.175781250000000000e-02 2.216796875000000000e-01 3.935546875000000000e-01
5.947265625000000000e-01 9.052734375000000000e-01 3.935546875000000000e-01
5.947265625000000000e-01 2.216796875000000000e-01 3.222656250000000000e-02
5.947265625000000000e-01 9.052734375000000000e-01 3.222656250000000000e-02
5.175781250000000000e-02 2.216796875000000000e-01 3.222656250000000000e-02
5.175781250000000000e-02 9.052734375000000000e-01 3.935546875000000000e-01
5.175781250000000000e-02 9.052734375000000000e-01 3.222656250000000000e-02
9.472656250000000000e-02 7.216796875000000000e-01 8.935546875000000000e-01
5.517578125000000000e-01 7.216796875000000000e-01 8.935546875000000000e-01
9.472656250000000000e-02 4.052734375000000000e-01 8.935546875000000000e-01
9.472656250000000000e-02 7.216796875000000000e-01 5.322265625000000000e-01
9.472656250000000000e-02 4.052734375000000000e-01 5.322265625000000000e-01
5.517578125000000000e-01 7.216796875000000000e-01 5.322265625000000000e-01
5.517578125000000000e-01 4.052734375000000000e-01 8.935546875000000000e-01
5.517578125000000000e-01 4.052734375000000000e-01 5.322265625000000000e-01
6.347656250000000000e-02 1.904296875000000000e-01 4.980468750000000000e-02
4.580078125000000000e-01 1.904296875000000000e-01 4.980468750000000000e-02
6.347656250000000000e-02 6.240234375000000000e-01 4.980468750000000000e-02
6.347656250000000000e-02 1.904296875000000000e-01 2.509765625000000000e-01
6.347656250000000000e-02 6.240234375000000000e-01 2.509765625000000000e-01
4.580078125000000000e-01 1.904296875000000000e-01 2.509765625000000000e-01
4.580078125000000000e-01 6.240234375000000000e-01 4.980468750000000000e-02
4.580078125000000000e-01 6.240234375000000000e-01 2.509765625000000000e-01
5.634765625000000000e-01 6.904296875000000000e-01 5.498046875000000000e-01
9.580078125000000000e-01 6.904296875000000000e-01 5.498046875000000000e-01
5.634765625000000000e-01 1.240234375000000000e-01 5.498046875000000000e-01
5.634765625000000000e-01 6.904296875000000000e-01 7.509765625000000000e-01
5.634765625000000000e-01 1.240234375000000000e-01 7.509765625000000000e-01
9.580078125000000000e-01 6.904296875000000000e-01 7.509765625000000000e-01
9.580078125000000000e-01 1.240234375000000000e-01 5.498046875000000000e-01
9.580078125000000000e-01 1.240234375000000000e-01 7.509765625000000000e-01
8.134765625000000000e-01 4.404296875000000000e-01 2.998046875000000000e-01
2.080078125000000000e-01 4.404296875000000000e-01 2.998046875000000000e-01
8.134765625000000000e-01 3.740234375000000000e-01 2.998046875000000000e-01
8.134765625000000000e-01 4.404296875000000000e-01 5.009765625000000000e-01
8.134765625000000000e-01 3.740234375000000000e-01 5.009765625000000000e-01
2.080078125000000000e-01 4.404296875000000000e-01 5.009765625000000000e-01
2.080078125000000000e-01 3.740234375000000000e-01 2.998046875000000000e-01
2.080078125000000000e-01 3.740234375000000000e-01 5.009765625000000000e-01
3.134765625000000000e-01 9.404296875000000000e-01 7.998046875000000000e-01
7.080078125000000000e-01 9.404296875000000000e-01 7.998046875000000000e-01
3.134765625000000000e-01 8.740234375000000000e-01 7.998046875000000000e-01
3.134765625000000000e-01 9.404296875000000000e-01 9.765625000000000000e-04
3.134765625000000000e-01 8.740234375000000000e-01 9.765625000000000000e-04
7.080078125000000000e-01 9.404296875000000000e-01 9.765625000000000000e-04
7.080078125000000000e-01 8.740234375000000000e-01 7.998046875000000000e-01
7.080078125000000000e-01 8.740234375000000000e-01 9.765625000000000000e-04
4.384765625000000000e-01 3.154296875000000000e-01 6.748046875000000000e-01
5.830078125000000000e-01 3.154296875000000000e-01 6.748046875000000000e-01
4.384765625000000000e-01 9.990234375000000000e-01 6.748046875000000000e-01
4.384765625000000000e-01 3.154296875000000000e-01 3.759765625000000000e-01
4.384765625000000000e-01 9.990234375000000000e-01 3.759765625000000000e-01
5.830078125000000000e-01 3.154296875000000000e-01 3.759765625000000000e-01
5.830078125000000000e-01 9.990234375000000000e-01 6.748046875000000000e-01
5.830078125000000000e-01 9.990234375000000000e-01 3.759765625000000000e-01
9.384765625000000000e-01 8.154296875000000000e-01 1.748046875000000000e-01
8.300781250000000000e-02 8.154296875000000000e-01 1.748046875000000000e-01
9.384765625000000000e-01 4.990234375000000000e-01 1.748046875000000000e-01
9.384765625000000000e-01 8.154296875000000000e-01 8.759765625000000000e-01
9.384765625000000000e-01 4.990234375000000000e-01 8.759765625000000000e-01
8.300781250000000000e-02 8.154296875000000000e-01 8.759765625000000000e-01
8.300781250000000000e-02 4.990234375000000000e-01 1.748046875000000000e-01
8.300781250000000000e-02 4.990234375000000000e-01 8.759765625000000000e-01
6.884765625000000000e-01 6.542968750000000000e-02 9.248046875000000000e-01
8.330078125000000000e-01 6.542968750000000000e-02 9.248046875000000000e-01
6.884765625000000000e-01 2.490234375000000000e-01 9.248046875000000000e-01
6.884765625000000000e-01 6.542968750000000000e-02 6.259765625000000000e-01
6.884765625000000000e-01 2.490234375000000000e-01 6.259765625000000000e-01
8.330078125000000000e-01 6.542968750000000000e-02 6.259765625000000000e-01
8.330078125000000000e-01 2.490234375000000000e-01 9.248046875000000000e-01
8.330078125000000000e-01 2.490234375000000000e-01 6.259765625000000000e-01
1.884765625000000000e-01 5.654296875000000000e-01 4.248046875000000000e-01
3.330078125000000000e-01 5.654296875000000000e-01 4.248046875000000000e-01
1.884765625000000000e-01 7.490234375000000000e-01 4.248046875000000000e-01
1.884765625000000000e-01 5.654296875000000000e-01 1.259765625000000000e-01
1.884765625000000000e-01 7.490234375000000000e-01 1.259765625000000000e-01
3.330078125000000000e-01 5.654296875000000000e-01 1.259765625000000000e-01
3.330078125000000000e-01 7.490234375000000000e-01 4.248046875000000000e-01
3.330078125000000000e-01 7.490234375000000000e-01 1.259765625000000000e-01
1.259765625000000000e-01 3.779296875000000000e-01 9.873046875000000000e-01
2.050781250000000000e-02 3.779296875000000000e-01 9.873046875000000000e-01
1.259765625000000000e-01 6.152343750000000000e-02 9.873046875000000000e-01
1.259765625000000000e-01 3.779296875000000000e-01 6.347656250000000000e-02
1.259765625000000000e-01 6.152343750000000000e-02 6.347656250000000000e-02
2.050781250000000000e-02 3.779296875000000000e-01 6.347656250000000000e-02
2.050781250000000000e-02 6.152343750000000000e-02 9.873046875000000000e-01
2.050781250000000000e-02 6.152343750000000000e-02 6.347656250000000000e-02
6.259765625000000000e-01 8.779296875000000000e-01 4.873046875000000000e-01
5.205078125000000000e-01 8.779296875000000000e-01 4.873046875000000000e-01
6.259765625000000000e-01 5.615234375000000000e-01 4.873046875000000000e-01
6.259765625000000000e-01 8.779296875000000000e-01 5.634765625000000000e-01
6.259765625000000000e-01 5.615234375000000000e-01 5.634765625000000000e-01
5.205078125000000000e-01 8.779296875000000000e-01 5.634765625000000000e-01
5.205078125000000000e-01 5.615234375000000000e-01 4.873046875000000000e-01
5.205078125000000000e-01 5.615234375000000000e-01 5.634765625000000000e-01
8.759765625000000000e-01 1.279296875000000000e-01 7.373046875000000000e-01
2.705078125000000000e-01 1.279296875000000000e-01 7.373046875000000000e-01
8.759765625000000000e-01 8.115234375000000000e-01 7.373046875000000000e-01
8.759765625000000000e-01 1.279296875000000000e-01 8.134765625000000000e-01
8.759765625000000000e-01 8.115234375000000000e-01 8.134765625000000000e-01
2.705078125000000000e-01 1.279296875000000000e-01 8.134765625000000000e-01
2.705078125000000000e-01 8.115234375000000000e-01 7.373046875000000000e-01
2.705078125000000000e-01 8.115234375000000000e-01 8.134765625000000000e-01
3.759765625000000000e-01 6.279296875000000000e-01 2.373046875000000000e-01
7.705078125000000000e-01 6.279296875000000000e-01 2.373046875000000000e-01
3.759765625000000000e-01 3.115234375000000000e-01 2.373046875000000000e-01
3.759765625000000000e-01 6.279296875000000000e-01 3.134765625000000000e-01
3.759765625000000000e-01 3.115234375000000000e-01 3.134765625000000000e-01
7.705078125000000000e-01 6.279296875000000000e-01 3.134765625000000000e-01
7.705078125000000000e-01 3.115234375000000000e-01 2.373046875000000000e-01
7.705078125000000000e-01 3.115234375000000000e-01 3.134765625000000000e-01
2.509765625000000000e-01 2.929687500000000000e-03 3.623046875000000000e-01
8.955078125000000000e-01 2.929687500000000000e-03 3.623046875000000000e-01
2.509765625000000000e-01 4.365234375000000000e-01 3.623046875000000000e-01
2.509765625000000000e-01 2.929687500000000000e-03 1.884765625000000000e-01
2.509765625000000000e-01 4.365234375000000000e-01 1.884765625000000000e-01
8.955078125000000000e-01 2.929687500000000000e-03 1.884765625000000000e-01
8.955078125000000000e-01 4.365234375000000000e-01 3.623046875000000000e-01
8.955078125000000000e-01 4.365234375000000000e-01 1.884765625000000000e-01
7.509765625000000000e-01 5.029296875000000000e-01 8.623046875000000000e-01
3.955078125000000000e-01 5.029296875000000000e-01 8.623046875000000000e-01
7.509765625000000000e-01 9.365234375000000000e-01 8.623046875000000000e-01
7.509765625000000000e-01 5.029296875000000000e-01 6.884765625000000000e-01
7.509765625000000000e-01 9.365234375000000000e-01 6.884765625000000000e-01
3.955078125000000000e-01 5.029296875000000000e-01 6.884765625000000000e-01
3.955078125000000000e-01 9.365234375000000000e-01 8.623046875000000000e-01
3.955078125000000000e-01 9.365234375000000000e-01 6.884765625000000000e-01
5.009765625000000000e-01 2.529296875000000000e-01 1.123046875000000000e-01
6.455078125000000000e-01 2.529296875000000000e-01 1.123046875000000000e-01
5.009765625000000000e-01 6.865234375000000000e-01 1.123046875000000000e-01
5.009765625000000000e-01 2.529296875000000000e-01 9.384765625000000000e-01
5.009765625000000000e-01 6.865234375000000000e-01 9.384765625000000000e-01
6.455078125000000000e-01 2.529296875000000000e-01 9.384765625000000000e-01
6.455078125000000000e-01 6.865234375000000000e-01 1.123046875000000000e-01
6.455078125000000000e-01 6.865234375000000000e-01 9.384765625000000000e-01
9.765625000000000000e-04 7.529296875000000000e-01 6.123046875000000000e-01
1.455078125000000000e-01 7.529296875000000000e-01 6.123046875000000000e-01
9.765625000000000000e-04 1.865234375000000000e-01 6.123046875000000000e-01
9.765625000000000000e-04 7.529296875000000000e-01 4.384765625000000000e-01
9.765625000000000000e-04 1.865234375000000000e-01 4.384765625000000000e-01
1.455078125000000000e-01 7.529296875000000000e-01 4.384765625000000000e-01
1.455078125000000000e-01 1.865234375000000000e-01 6.123046875000000000e-01
1.455078125000000000e-01 1.865234375000000000e-01 4.384765625000000000e-01
1.464843750000000000e-03 3.764648437500000000e-01 4.477539062500000000e-01
4.868164062500000000e-01 3.764648437500000000e-01 4.477539062500000000e-01
1.464843750000000000e-03 5.571289062500000000e-01 4.477539062500000000e-01
1.464843750000000000e-03 3.764648437500000000e-01 8.442382812500000000e-01
1.464843750000000000e-03 5.571289062500000000e-01 8.442382812500000000e-01
4.868164062500000000e-01 3.764648437500000000e-01 8.442382812500000000e-01
4.868164062500000000e-01 5.571289062500000000e-01 4.477539062500000000e-01
4.868164062500000000e-01 5.571289062500000000e-01 8.442382812500000000e-01
5.014648437500000000e-01 8.764648437500000000e-01 9.477539062500000000e-01
9.868164062500000000e-01 8.764648437500000000e-01 9.477539062500000000e-01
5.014648437500000000e-01 5.712890625000000000e-02 9.477539062500000000e-01
5.014648437500000000e-01 8.764648437500000000e-01 3.442382812500000000e-01
5.014648437500000000e-01 5.712890625000000000e-02 3.442382812500000000e-01
9.868164062500000000e-01 8.764648437500000000e-01 3.442382812500000000e-01
9.868164062500000000e-01 5.712890625000000000e-02 9.477539062500000000e-01
9.868164062500000000e-01 5.712890625000000000e-02 3.442382812500000000e-01
7.514648437500000000e-01 1.264648437500000000e-01 1.977539062500000000e-01
2.368164062500000000e-01 1.264648437500000000e-01 1.977539062500000000e-01
7.514648437500000000e-01 3.071289062500000000e-01 1.977539062500000000e-01
7.514648437500000000e-01 1.264648437500000000e-01 9.423828125000000000e-02
7.514648437500000000e-01 3.071289062500000000e-01 9.423828125000000000e-02
2.368164062500000000e-01 1.264648437500000000e-01 9.423828125000000000e-02
2.368164062500000000e-01 3.071289062500000000e-01 1.977539062500000000e-01
2.368164062500000000e-01 3.071289062500000000e-01 9.423828125000000000e-02
2.514648437500000000e-01 6.264648437500000000e-01 6.977539062500000000e-01
7.368164062500000000e-01 6.264648437500000000e-01 6.977539062500000000e-01
2.514648437500000000e-01 8.071289062500000000e-01 6.977539062500000000e-01
2.514648437500000000e-01 6.264648437500000000e-01 5.942382812500000000e-01
2.514648437500000000e-01 8.071289062500000000e-01 5.942382812500000000e-01
7.368164062500000000e-01 6.264648437500000000e-01 5.942382812500000000e-01
7.368164062500000000e-01 8.071289062500000000e-01 6.977539062500000000e-01
7.368164062500000000e-01 8.071289062500000000e-01 5.942382812500000000e-01
3.764648437500000000e-01 1.464843750000000000e-03 8.227539062500000000e-01
6.118164062500000000e-01 1.464843750000000000e-03 8.227539062500000000e-01
3.764648437500000000e-01 9.321289062500000000e-01 8.227539062500000000e-01
3.764648437500000000e-01 1.464843750000000000e-03 9.692382812500000000e-01
3.764648437500000000e-01 9.321289062500000000e-01 9.692382812500000000e-01
6.118164062500000000e-01 1.464843750000000000e-03 9.692382812500000000e-01
6.118164062500000000e-01 9.321289062500000000e-01 8.227539062500000000e-01
6.118164062500000000e-01 9.321289062500000000e-01 9.692382812500000000e-01
8.764648437500000000e-01 5.014648437500000000e-01 3.227539062500000000e-01
1.118164062500000000e-01 5.014648437500000000e-01 3.227539062500000000e-01
8.764648437500000000e-01 4.321289062500000000e-01 3.227539062500000000e-01
8.764648437500000000e-01 5.014648437500000000e-01 4.692382812500000000e-01
8.764648437500000000e-01 4.321289062500000000e-01 4.692382812500000000e-01
1.118164062500000000e-01 5.014648437500000000e-01 4.692382812500000000e-01
1.118164062500000000e-01 4.321289062500000000e-01 3.227539062500000000e-01
1.118164062500000000e-01 4.321289062500000000e-01 4.692382812500000000e-01
6.264648437500000000e-01 2.514648437500000000e-01 5.727539062500000000e-01
8.618164062500000000e-01 2.514648437500000000e-01 5.727539062500000000e-01
6.264648437500000000e-01 1.821289062500000000e-01 5.727539062500000000e-01
6.264648437500000000e-01 2.514648437500000000e-01 2.192382812500000000e-01
6.264648437500000000e-01 1.821289062500000000e-01 2.192382812500000000e-01
8.618164062500000000e-01 2.514648437500000000e-01 2.192382812500000000e-01
8.618164062500000000e-01 1.821289062500000000e-01 5.727539062500000000e-01
8.618164062500000000e-01 1.821289062500000000e-01 2.192382812500000000e-01
1.264648437500000000e-01 7.514648437500000000e-01 7.275390625000000000e-02
3.618164062500000000e-01 7.514648437500000000e-01 7.275390625000000000e-02
1.264648437500000000e-01 6.821289062500000000e-01 7.275390625000000000e-02
1.264648437500000000e-01 7.514648437500000000e-01 7.192382812500000000e-01
1.264648437500000000e-01 6.821289062500000000e-01 7.192382812500000000e-01
3.618164062500000000e-01 7.514648437500000000e-01 7.192382812500000000e-01
3.618164062500000000e-01 6.821289062500000000e-01 7.275390625000000000e-02
3.618164062500000000e-01 6.821289062500000000e-01 7.192382812500000000e-01
1.889648437500000000e-01 1.889648437500000000e-01 5.102539062500000000e-01
4.931640625000000000e-02 1.889648437500000000e-01 5.102539062500000000e-01
1.889648437500000000e-01 1.196289062500000000e-01 5.102539062500000000e-01
1.889648437500000000e-01 1.889648437500000000e-01 5.317382812500000000e-01
1.889648437500000000e-01 1.196289062500000000e-01 5.317382812500000000e-01
4.931640625000000000e-02 1.889648437500000000e-01 5.317382812500000000e-01
4.931640625000000000e-02 1.196289062500000000e-01 5.102539062500000000e-01
4.931640625000000000e-02 1.196289062500000000e-01 5.317382812500000000e-01
6.889648437500000000e-01 6.889648437500000000e-01 1.025390625000000000e-02
5.493164062500000000e-01 6.889648437500000000e-01 1.025390625000000000e-02
6.889648437500000000e-01 6.196289062500000000e-01 1.025390625000000000e-02
6.889648437500000000e-01 6.889648437500000000e-01 3.173828125000000000e-02
6.889648437500000000e-01 6.196289062500000000e-01 3.173828125000000000e-02
5.493164062500000000e-01 6.889648437500000000e-01 3.173828125000000000e-02
5.493164062500000000e-01 6.196289062500000000e-01 1.025390625000000000e-02
5.493164062500000000e-01 6.196289062500000000e-01 3.173828125000000000e-02
9.389648437500000000e-01 4.389648437500000000e-01 7.602539062500000000e-01
2.993164062500000000e-01 4.389648437500000000e-01 7.602539062500000000e-01
9.389648437500000000e-01 8.696289062500000000e-01 7.602539062500000000e-01
9.389648437500000000e-01 4.389648437500000000e-01 2.817382812500000000e-01
9.389648437500000000e-01 8.696289062500000000e-01 2.817382812500000000e-01
2.993164062500000000e-01 4.389648437500000000e-01 2.817382812500000000e-01
2.993164062500000000e-01 8.696289062500000000e-01 7.602539062500000000e-01
2.993164062500000000e-01 8.696289062500000000e-01 2.817382812500000000e-01
4.389648437500000000e-01 9.389648437500000000e-01 2.602539062500000000e-01
7.993164062500000000e-01 9.389648437500000000e-01 2.602539062500000000e-01
4.389648437500000000e-01 3.696289062500000000e-01 2.602539062500000000e-01
4.389648437500000000e-01 9.389648437500000000e-01 7.817382812500000000e-01
4.389648437500000000e-01 3.696289062500000000e-01 7.817382812500000000e-01
7.993164062500000000e-01 9.389648437500000000e-01 7.817382812500000000e-01
7.993164062500000000e-01 3.696289062500000000e-01 2.602539062500000000e-01
7.993164062500000000e-01 3.696289062500000000e-01 7.817382812500000000e-01
3.139648437500000000e-01 3.139648437500000000e-01 1.352539062500000000e-01
9.243164062500000000e-01 3.139648437500000000e-01 1.352539062500000000e-01
3.139648437500000000e-01 4.946289062500000000e-01 1.352539062500000000e-01
3.139648437500000000e-01 3.139648437500000000e-01 6.567382812500000000e-01
3.139648437500000000e-01 4.946289062500000000e-01 6.567382812500000000e-01
9.243164062500000000e-01 3.139648437500000000e-01 6.567382812500000000e-01
9.243164062500000000e-01 4.946289062500000000e-01 1.352539062500000000e-01
9.243164062500000000e-01 4.946289062500000000e-01 6.567382812500000000e-01
8.139648437500000000e-01 8.139648437500000000e-01 6.352539062500000000e-01
4.243164062500000000e-01 8.139648437500000000e-01 6.352539062500000000e-01
8.139648437500000000e-01 9.946289062500000000e-01 6.352539062500000000e-01
8.139648437500000000e-01 8.139648437500000000e-01 1.567382812500000000e-01
8.139648437500000000e-01 9.946289062500000000e-01 1.567382812500000000e-01
4.243164062500000000e-01 8.139648437500000000e-01 1.567382812500000000e-01
4.243164062500000000e-01 9.946289062500000000e-01 6.352539062500000000e-01
4.243164062500000000e-01 9.946289062500000000e-01 1.567382812500000000e-01
5.639648437500000000e-01 6.396484375000000000e-02 3.852539062500000000e-01
6.743164062500000000e-01 6.396484375000000000e-02 3.852539062500000000e-01
5.639648437500000000e-01 7.446289062500000000e-01 3.852539062500000000e-01
5.639648437500000000e-01 6.396484375000000000e-02 4.067382812500000000e-01
5.639648437500000000e-01 7.446289062500000000e-01 4.067382812500000000e-01
6.743164062500000000e-01 6.396484375000000000e-02 4.067382812500000000e-01
6.743164062500000000e-01 7.446289062500000000e-01 3.852539062500000000e-01
6.743164062500000000e-01 7.446289062500000000e-01 4.067382812500000000e-01
6.396484375000000000e-02 5.639648437500000000e-01 8.852539062500000000e-01
1.743164062500000000e-01 5.639648437500000000e-01 8.852539062500000000e-01
6.396484375000000000e-02 2.446289062500000000e-01 8.852539062500000000e-01
6.396484375000000000e-02 5.639648437500000000e-01 9.067382812500000000e-01
6.396484375000000000e-02 2.446289062500000000e-01 9.067382812500000000e-01
1.743164062500000000e-01 5.639648437500000000e-01 9.067382812500000000e-01
1.743164062500000000e-01 2.446289062500000000e-01 8.852539062500000000e-01
1.743164062500000000e-01 2.446289062500000000e-01 9.067382812500000000e-01
9.521484375000000000e-02 9.521484375000000000e-02 4.150390625000000000e-02
8.305664062500000000e-01 9.521484375000000000e-02 4.150390625000000000e-02
9.521484375000000000e-02 7.758789062500000000e-01 4.150390625000000000e-02
9.521484375000000000e-02 9.521484375000000000e-02 1.254882812500000000e-01
9.521484375000000000e-02 7.758789062500000000e-01 1.254882812500000000e-01
8.305664062500000000e-01 9.521484375000000000e-02 1.254882812500000000e-01
8.305664062500000000e-01 7.758789062500000000e-01 4.150390625000000000e-02
8.305664062500000000e-01 7.758789062500000000e-01 1.254882812500000000e-01
5.952148437500000000e-01 5.952148437500000000e-01 5.415039062500000000e-01
3.305664062500000000e-01 5.952148437500000000e-01 5.415039062500000000e-01
5.952148437500000000e-01 2.758789062500000000e-01 5.415039062500000000e-01
5.952148437500000000e-01 5.952148437500000000e-01 6.254882812500000000e-01
5.952148437500000000e-01 2.758789062500000000e-01 6.254882812500000000e-01
3.305664062500000000e-01 5.952148437500000000e-01 6.254882812500000000e-01
3.305664062500000000e-01 2.758789062500000000e-01 5.415039062500000000e-01
3.305664062500000000e-01 2.758789062500000000e-01 6.254882812500000000e-01
8.452148437500000000e-01 3.452148437500000000e-01 2.915039062500000000e-01
5.805664062500000000e-01 3.452148437500000000e-01 2.915039062500000000e-01
8.452148437500000000e-01 2.587890625000000000e-02 2.915039062500000000e-01
8.452148437500000000e-01 3.452148437500000000e-01 8.754882812500000000e-01
8.452148437500000000e-01 2.587890625000000000e-02 8.754882812500000000e-01
5.805664062500000000e-01 3.452148437500000000e-01 8.754882812500000000e-01
5.805664062500000000e-01 2.587890625000000000e-02 2.915039062500000000e-01
5.805664062500000000e-01 2.587890625000000000e-02 8.754882812500000000e-01
3.452148437500000000e-01 8.452148437500000000e-01 7.915039062500000000e-01
8.056640625000000000e-02 8.452148437500000000e-01 7.915039062500000000e-01
3.452148437500000000e-01 5.258789062500000000e-01 7.915039062500000000e-01
3.452148437500000000e-01 8.452148437500000000e-01 3.754882812500000000e-01
3.452148437500000000e-01 5.258789062500000000e-01 3.754882812500000000e-01
8.056640625000000000e-02 8.452148437500000000e-01 3.754882812500000000e-01
8.056640625000000000e-02 5.258789062500000000e-01 7.915039062500000000e-01
8.056640625000000000e-02 5.258789062500000000e-01 3.754882812500000000e-01
4.702148437500000000e-01 4.702148437500000000e-01 6.665039062500000000e-01
2.055664062500000000e-01 4.702148437500000000e-01 6.665039062500000000e-01
4.702148437500000000e-01 6.508789062500000000e-01 6.665039062500000000e-01
4.702148437500000000e-01 4.702148437500000000e-01 4.882812500000000000e-04
4.702148437500000000e-01 6.508789062500000000e-01 4.882812500000000000e-04
2.055664062500000000e-01 4.702148437500000000e-01 4.882812500000000000e-04
2.055664062500000000e-01 6.508789062500000000e-01 6.665039062500000000e-01
2.055664062500000000e-01 6.508789062500000000e-01 4.882812500000000000e-04
9.702148437500000000e-01 9.702148437500000000e-01 1.665039062500000000e-01
7.055664062500000000e-01 9.702148437500000000e-01 1.665039062500000000e-01
9.702148437500000000e-01 1.508789062500000000e-01 1.665039062500000000e-01
9.702148437500000000e-01 9.702148437500000000e-01 5.004882812500000000e-01
9.702148437500000000e-01 1.508789062500000000e-01 5.004882812500000000e-01
7.055664062500000000e-01 9.702148437500000000e-01 5.004882812500000000e-01
7.055664062500000000e-01 1.508789062500000000e-01 1.665039062500000000e-01
7.055664062500000000e-01 1.508789062500000000e-01 5.004882812500000000e-01
7.202148437500000000e-01 2.202148437500000000e-01 9.165039062500000000e-01
4.555664062500000000e-01 2.202148437500000000e-01 9.165039062500000000e-01
7.202148437500000000e-01 4.008789062500000000e-01 9.165039062500000000e-01
7.202148437500000000e-01 2.202148437500000000e-01 7.504882812500000000e-01
7.202148437500000000e-01 4.008789062500000000e-01 7.504882812500000000e-01
4.555664062500000000e-01 2.202148437500000000e-01 7.504882812500000000e-01
4.555664062500000000e-01 4.008789062500000000e-01 9.165039062500000000e-01
4.555664062500000000e-01 4.008789062500000000e-01 7.504882812500000000e-01
2.202148437500000000e-01 7.202148437500000000e-01 4.165039062500000000e-01
9.555664062500000000e-01 7.202148437500000000e-01 4.165039062500000000e-01
2.202148437500000000e-01 9.008789062500000000e-01 4.165039062500000000e-01
2.202148437500000000e-01 7.202148437500000000e-01 2.504882812500000000e-01
2.202148437500000000e-01 9.008789062500000000e-01 2.504882812500000000e-01
9.555664062500000000e-01 7.202148437500000000e-01 2.504882812500000000e-01
9.555664062500000000e-01 9.008789062500000000e-01 4.165039062500000000e-01
9.555664062500000000e-01 9.008789062500000000e-01 2.504882812500000000e-01
1.577148437500000000e-01 2.827148437500000000e-01 9.790039062500000000e-01
6.430664062500000000e-01 2.827148437500000000e-01 9.790039062500000000e-01
1.577148437500000000e-01 3.383789062500000000e-01 9.790039062500000000e-01
1.577148437500000000e-01 2.827148437500000000e-01 4.379882812500000000e-01
1.577148437500000000e-01 3.383789062500000000e-01 4.379882812500000000e-01
6.430664062500000000e-01 2.827148437500000000e-01 4.379882812500000000e-01
6.430664062500000000e-01 3.383789062500000000e-01 9.790039062500000000e-01
6.430664062500000000e-01 3.383789062500000000e-01 4.379882812500000000e-01
6.577148437500000000e-01 7.827148437500000000e-01 4.790039062500000000e-01
1.430664062500000000e-01 7.827148437500000000e-01 4.790039062500000000e-01
6.577148437500000000e-01 8.383789062500000000e-01 4.790039062500000000e-01
6.577148437500000000e-01 7.827148437500000000e-01 9.379882812500000000e-01
6.577148437500000000e-01 8.383789062500000000e-01 9.379882812500000000e-01
1.430664062500000000e-01 7.827148437500000000e-01 9.379882812500000000e-01
1.430664062500000000e-01 8.383789062500000000e-01 4.790039062500000000e-01
1.430664062500000000e-01 8.383789062500000000e-01 9.379882812500000000e-01
9.077148437500000000e-01 3.271484375000000000e-02 7.290039062500000000e-01
8.930664062500000000e-01 3.271484375000000000e-02 7.290039062500000000e-01
9.077148437500000000e-01 5.883789062500000000e-01 7.290039062500000000e-01
9.077148437500000000e-01 3.271484375000000000e-02 6.879882812500000000e-01
9.077148437500000000e-01 5.883789062500000000e-01 6.879882812500000000e-01
8.930664062500000000e-01 3.271484375000000000e-02 6.879882812500000000e-01
8.930664062500000000e-01 5.883789062500000000e-01 7.290039062500000000e-01
8.930664062500000000e-01 5.883789062500000000e-01 6.879882812500000000e-01
4.077148437500000000e-01 5.327148437500000000e-01 2.290039062500000000e-01
3.930664062500000000e-01 5.327148437500000000e-01 2.290039062500000000e-01
4.077148437500000000e-01 8.837890625000000000e-02 2.290039062500000000e-01
4.077148437500000000e-01 5.327148437500000000e-01 1.879882812500000000e-01
4.077148437500000000e-01 8.837890625000000000e-02 1.879882812500000000e-01
3.930664062500000000e-01 5.327148437500000000e-01 1.879882812500000000e-01
3.930664062500000000e-01 8.837890625000000000e-02 2.290039062500000000e-01
3.930664062500000000e-01 8.837890625000000000e-02 1.879882812500000000e-01
2.827148437500000000e-01 1.577148437500000000e-01 3.540039062500000000e-01
2.680664062500000000e-01 1.577148437500000000e-01 3.540039062500000000e-01
2.827148437500000000e-01 2.133789062500000000e-01 3.540039062500000000e-01
2.827148437500000000e-01 1.577148437500000000e-01 3.129882812500000000e-01
2.827148437500000000e-01 2.133789062500000000e-01 3.129882812500000000e-01
2.680664062500000000e-01 1.577148437500000000e-01 3.129882812500000000e-01
2.680664062500000000e-01 2.133789062500000000e-01 3.540039062500000000e-01
2.680664062500000000e-01 2.133789062500000000e-01 3.129882812500000000e-01
7.827148437500000000e-01 6.577148437500000000e-01 8.540039062500000000e-01
7.680664062500000000e-01 6.577148437500000000e-01 8.540039062500000000e-01
7.827148437500000000e-01 7.133789062500000000e-01 8.540039062500000000e-01
7.827148437500000000e-01 6.577148437500000000e-01 8.129882812500000000e-01
7.827148437500000000e-01 7.133789062500000000e-01 8.129882812500000000e-01
7.680664062500000000e-01 6.577148437500000000e-01 8.129882812500000000e-01
7.680664062500000000e-01 7.133789062500000000e-01 8.540039062500000000e-01
7.680664062500000000e-01 7.133789062500000000e-01 8.129882812500000000e-01
5.327148437500000000e-01 4.077148437500000000e-01 1.040039062500000000e-01
1.806640625000000000e-02 4.077148437500000000e-01 1.040039062500000000e-01
5.327148437500000000e-01 9.633789062500000000e-01 1.040039062500000000e-01
5.327148437500000000e-01 4.077148437500000000e-01 5.629882812500000000e-01
5.327148437500000000e-01 9.633789062500000000e-01 5.629882812500000000e-01
1.806640625000000000e-02 4.077148437500000000e-01 5.629882812500000000e-01
1.806640625000000000e-02 9.633789062500000000e-01 1.040039062500000000e-01
1.806640625000000000e-02 9.633789062500000000e-01 5.629882812500000000e-01
3.271484375000000000e-02 9.077148437500000000e-01 6.040039062500000000e-01
5.180664062500000000e-01 9.077148437500000000e-01 6.040039062500000000e-01
3.271484375000000000e-02 4.633789062500000000e-01 6.040039062500000000e-01
3.271484375000000000e-02 9.077148437500000000e-01 6.298828125000000000e-02
3.271484375000000000e-02 4.633789062500000000e-01 6.298828125000000000e-02
5.180664062500000000e-01 9.077148437500000000e-01 6.298828125000000000e-02
5.180664062500000000e-01 4.633789062500000000e-01 6.040039062500000000e-01
5.180664062500000000e-01 4.633789062500000000e-01 6.298828125000000000e-02
4.833984375000000000e-02 1.420898437500000000e-01 7.758789062500000000e-01
9.399414062500000000e-01 1.420898437500000000e-01 7.758789062500000000e-01
4.833984375000000000e-02 6.665039062500000000e-01 7.758789062500000000e-01
4.833984375000000000e-02 1.420898437500000000e-01 2.036132812500000000e-01
4.833984375000000000e-02 6.665039062500000000e-01 2.036132812500000000e-01
9.399414062500000000e-01 1.420898437500000000e-01 2.036132812500000000e-01
9.399414062500000000e-01 6.665039062500000000e-01 7.758789062500000000e-01
9.399414062500000000e-01 6.665039062500000000e-01 2.036132812500000000e-01
5.483398437500000000e-01 6.420898437500000000e-01 2.758789062500000000e-01
4.399414062500000000e-01 6.420898437500000000e-01 2.758789062500000000e-01
5.483398437500000000e-01 1.665039062500000000e-01 2.758789062500000000e-01
5.483398437500000000e-01 6.420898437500000000e-01 7.036132812500000000e-01
5.483398437500000000e-01 1.665039062500000000e-01 7.036132812500000000e-01
4.399414062500000000e-01 6.420898437500000000e-01 7.036132812500000000e-01
4.399414062500000000e-01 1.665039062500000000e-01 2.758789062500000000e-01
4.399414062500000000e-01 1.665039062500000000e-01 7.036132812500000000e-01
7.983398437500000000e-01 3.920898437500000000e-01 5.258789062500000000e-01
6.899414062500000000e-01 3.920898437500000000e-01 5.258789062500000000e-01
7.983398437500000000e-01 4.165039062500000000e-01 5.258789062500000000e-01
7.983398437500000000e-01 3.920898437500000000e-01 9.536132812500000000e-01
7.983398437500000000e-01 4.165039062500000000e-01 9.536132812500000000e-01
6.899414062500000000e-01 3.920898437500000000e-01 9.536132812500000000e-01
6.899414062500000000e-01 4.165039062500000000e-01 5.258789062500000000e-01
6.899414062500000000e-01 4.165039062500000000e-01 9.536132812500000000e-01
2.983398437500000000e-01 8.920898437500000000e-01 2.587890625000000000e-02
1.899414062500000000e-01 8.920898437500000000e-01 2.587890625000000000e-02
2.983398437500000000e-01 9.165039062500000000e-01 2.587890625000000000e-02
2.983398437500000000e-01 8.920898437500000000e-01 4.536132812500000000e-01
2.983398437500000000e-01 9.165039062500000000e-01 4.536132812500000000e-01
1.899414062500000000e-01 8.920898437500000000e-01 4.536132812500000000e-01
1.899414062500000000e-01 9.165039062500000000e-01 2.587890625000000000e-02
1.899414062500000000e-01 9.165039062500000000e-01 4.536132812500000000e-01
4.233398437500000000e-01 2.670898437500000000e-01 4.008789062500000000e-01
6.494140625000000000e-02 2.670898437500000000e-01 4.008789062500000000e-01
4.233398437500000000e-01 7.915039062500000000e-01 4.008789062500000000e-01
4.233398437500000000e-01 2.670898437500000000e-01 7.861328125000000000e-02
4.233398437500000000e-01 7.915039062500000000e-01 7.861328125000000000e-02
6.494140625000000000e-02 2.670898437500000000e-01 7.861328125000000000e-02
6.494140625000000000e-02 7.915039062500000000e-01 4.008789062500000000e-01
6.494140625000000000e-02 7.915039062500000000e-01 7.861328125000000000e-02
9.233398437500000000e-01 7.670898437500000000e-01 9.008789062500000000e-01
5.649414062500000000e-01 7.670898437500000000e-01 9.008789062500000000e-01
9.233398437500000000e-01 2.915039062500000000e-01 9.008789062500000000e-01
9.233398437500000000e-01 7.670898437500000000e-01 5.786132812500000000e-01
9.233398437500000000e-01 2.915039062500000000e-01 5.786132812500000000e-01
5.649414062500000000e-01 7.670898437500000000e-01 5.786132812500000000e-01
5.649414062500000000e-01 2.915039062500000000e-01 9.008789062500000000e-01
5.649414062500000000e-01 2.915039062500000000e-01 5.786132812500000000e-01
6.733398437500000000e-01 1.708984375000000000e-02 1.508789062500000000e-01
3.149414062500000000e-01 1.708984375000000000e-02 1.508789062500000000e-01
6.733398437500000000e-01 4.150390625000000000e-02 1.508789062500000000e-01
6.733398437500000000e-01 1.708984375000000000e-02 8.286132812500000000e-01
6.733398437500000000e-01 4.150390625000000000e-02 8.286132812500000000e-01
3.149414062500000000e-01 1.708984375000000000e-02 8.286132812500000000e-01
3.149414062500000000e-01 4.150390625000000000e-02 1.508789062500000000e-01
3.149414062500000000e-01 4.150390625000000000e-02 8.286132812500000000e-01
1.733398437500000000e-01 5.170898437500000000e-01 6.508789062500000000e-01
8.149414062500000000e-01 5.170898437500000000e-01 6.508789062500000000e-01
1.733398437500000000e-01 5.415039062500000000e-01 6.508789062500000000e-01
1.733398437500000000e-01 5.170898437500000000e-01 3.286132812500000000e-01
1.733398437500000000e-01 5.415039062500000000e-01 3.286132812500000000e-01
8.149414062500000000e-01 5.170898437500000000e-01 3.286132812500000000e-01
8.149414062500000000e-01 5.415039062500000000e-01 6.508789062500000000e-01
8.149414062500000000e-01 5.415039062500000000e-01 3.286132812500000000e-01
2.358398437500000000e-01 4.545898437500000000e-01 2.133789062500000000e-01
5.024414062500000000e-01 4.545898437500000000e-01 2.133789062500000000e-01
2.358398437500000000e-01 2.290039062500000000e-01 2.133789062500000000e-01
2.358398437500000000e-01 4.545898437500000000e-01 3.911132812500000000e-01
2.358398437500000000e-01 2.290039062500000000e-01 3.911132812500000000e-01
5.024414062500000000e-01 4.545898437500000000e-01 3.911132812500000000e-01
5.024414062500000000e-01 2.290039062500000000e-01 2.133789062500000000e-01
5.024414062500000000e-01 2.290039062500000000e-01 3.911132812500000000e-01
7.358398437500000000e-01 9.545898437500000000e-01 7.133789062500000000e-01
2.441406250000000000e-03 9.545898437500000000e-01 7.133789062500000000e-01
7.358398437500000000e-01 7.290039062500000000e-01 7.133789062500000000e-01
7.358398437500000000e-01 9.545898437500000000e-01 8.911132812500000000e-01
7.358398437500000000e-01 7.290039062500000000e-01 8.911132812500000000e-01
2.441406250000000000e-03 9.545898437500000000e-01 8.911132812500000000e-01
2.441406250000000000e-03 7.290039062500000000e-01 7.133789062500000000e-01
2.441406250000000000e-03 7.290039062500000000e-01 8.911132812500000000e-01
9.858398437500000000e-01 2.045898437500000000e-01 4.633789062500000000e-01
7.524414062500000000e-01 2.045898437500000000e-01 4.633789062500000000e-01
9.858398437500000000e-01 9.790039062500000000e-01 4.633789062500000000e-01
9.858398437500000000e-01 2.045898437500000000e-01 6.411132812500000000e-01
9.858398437500000000e-01 9.790039062500000000e-01 6.411132812500000000e-01
7.524414062500000000e-01 2.045898437500000000e-01 6.411132812500000000e-01
7.524414062500000000e-01 9.790039062500000000e-01 4.633789062500000000e-01
7.524414062500000000e-01 9.790039062500000000e-01 6.411132812500000000e-01
4.858398437500000000e-01 7.045898437500000000e-01 9.633789062500000000e-01
2.524414062500000000e-01 7.045898437500000000e-01 9.633789062500000000e-01
4.858398437500000000e-01 4.790039062500000000e-01 9.633789062500000000e-01
4.858398437500000000e-01 7.045898437500000000e-01 1.411132812500000000e-01
4.858398437500000000e-01 4.790039062500000000e-01 1.411132812500000000e-01
2.524414062500000000e-01 7.045898437500000000e-01 1.411132812500000000e-01
2.524414062500000000e-01 4.790039062500000000e-01 9.633789062500000000e-01
2.524414062500000000e-01 4.790039062500000000e-01 1.411132812500000000e-01
3.608398437500000000e-01 7.958984375000000000e-02 5.883789062500000000e-01
3.774414062500000000e-01 7.958984375000000000e-02 5.883789062500000000e-01
3.608398437500000000e-01 3.540039062500000000e-01 5.883789062500000000e-01
3.608398437500000000e-01 7.958984375000000000e-02 2.661132812500000000e-01
3.608398437500000000e-01 3.540039062500000000e-01 2.661132812500000000e-01
3.774414062500000000e-01 7.958984375000000000e-02 2.661132812500000000e-01
3.774414062500000000e-01 3.540039062500000000e-01 5.883789062500000000e-01
3.774414062500000000e-01 3.540039062500000000e-01 2.661132812500000000e-01
8.608398437500000000e-01 5.795898437500000000e-01 8.837890625000000000e-02
8.774414062500000000e-01 5.795898437500000000e-01 8.837890625000000000e-02
8.608398437500000000e-01 8.540039062500000000e-01 8.837890625000000000e-02
8.608398437500000000e-01 5.795898437500000000e-01 7.661132812500000000e-01
8.608398437500000000e-01 8.540039062500000000e-01 7.661132812500000000e-01
8.774414062500000000e-01 5.795898437500000000e-01 7.661132812500000000e-01
8.774414062500000000e-01 8.540039062500000000e-01 8.837890625000000000e-02
8.774414062500000000e-01 8.540039062500000000e-01 7.661132812500000000e-01
6.108398437500000000e-01 3.295898437500000000e-01 8.383789062500000000e-01
1.274414062500000000e-01 3.295898437500000000e-01 8.383789062500000000e-01
6.108398437500000000e-01 6.040039062500000000e-01 8.383789062500000000e-01
6.108398437500000000e-01 3.295898437500000000e-01 5.161132812500000000e-01
6.108398437500000000e-01 6.040039062500000000e-01 5.161132812500000000e-01
1.274414062500000000e-01 3.295898437500000000e-01 5.161132812500000000e-01
1.274414062500000000e-01 6.040039062500000000e-01 8.383789062500000000e-01
1.274414062500000000e-01 6.040039062500000000e-01 5.161132812500000000e-01
1.108398437500000000e-01 8.295898437500000000e-01 3.383789062500000000e-01
6.274414062500000000e-01 8.295898437500000000e-01 3.383789062500000000e-01
1.108398437500000000e-01 1.040039062500000000e-01 3.383789062500000000e-01
1.108398437500000000e-01 8.295898437500000000e-01 1.611328125000000000e-02
1.108398437500000000e-01 1.040039062500000000e-01 1.611328125000000000e-02
6.274414062500000000e-01 8.295898437500000000e-01 1.611328125000000000e-02
6.274414062500000000e-01 1.040039062500000000e-01 3.383789062500000000e-01
6.274414062500000000e-01 1.040039062500000000e-01 1.611328125000000000e-02
7.958984375000000000e-02 3.608398437500000000e-01 7.446289062500000000e-01
3.461914062500000000e-01 3.608398437500000000e-01 7.446289062500000000e-01
7.958984375000000000e-02 8.852539062500000000e-01 7.446289062500000000e-01
7.958984375000000000e-02 3.608398437500000000e-01 7.973632812500000000e-01
7.958984375000000000e-02 8.852539062500000000e-01 7.973632812500000000e-01
3.461914062500000000e-01 3.608398437500000000e-01 7.973632812500000000e-01
3.461914062500000000e-01 8.852539062500000000e-01 7.446289062500000000e-01
3.461914062500000000e-01 8.852539062500000000e-01 7.973632812500000000e-01
5.795898437500000000e-01 8.608398437500000000e-01 2.446289062500000000e-01
8.461914062500000000e-01 8.608398437500000000e-01 2.446289062500000000e-01
5.795898437500000000e-01 3.852539062500000000e-01 2.446289062500000000e-01
5.795898437500000000e-01 8.608398437500000000e-01 2.973632812500000000e-01
5.795898437500000000e-01 3.852539062500000000e-01 2.973632812500000000e-01
8.461914062500000000e-01 8.608398437500000000e-01 2.973632812500000000e-01
8.461914062500000000e-01 3.852539062500000000e-01 2.446289062500000000e-01
8.461914062500000000e-01 3.852539062500000000e-01 2.973632812500000000e-01
8.295898437500000000e-01 1.108398437500000000e-01 9.946289062500000000e-01
9.619140625000000000e-02 1.108398437500000000e-01 9.946289062500000000e-01
8.295898437500000000e-01 1.352539062500000000e-01 9.946289062500000000e-01
8.295898437500000000e-01 1.108398437500000000e-01 4.736328125000000000e-02
8.295898437500000000e-01 1.352539062500000000e-01 4.736328125000000000e-02
9.619140625000000000e-02 1.108398437500000000e-01 4.736328125000000000e-02
9.619140625000000000e-02 1.352539062500000000e-01 9.946289062500000000e-01
9.619140625000000000e-02 1.352539062500000000e-01 4.736328125000000000e-02
3.295898437500000000e-01 6.108398437500000000e-01 4.946289062500000000e-01
5.961914062500000000e-01 6.108398437500000000e-01 4.946289062500000000e-01
3.295898437500000000e-01 6.352539062500000000e-01 4.946289062500000000e-01
3.295898437500000000e-01 6.108398437500000000e-01 5.473632812500000000e-01
3.295898437500000000e-01 6.352539062500000000e-01 5.473632812500000000e-01
5.961914062500000000e-01 6.108398437500000000e-01 5.473632812500000000e-01
5.961914062500000000e-01 6.352539062500000000e-01 4.946289062500000000e-01
5.961914062500000000e-01 6.352539062500000000e-01 5.473632812500000000e-01
4.545898437500000000e-01 2.358398437500000000e-01 1.196289062500000000e-01
7.211914062500000000e-01 2.358398437500000000e-01 1.196289062500000000e-01
4.545898437500000000e-01 5.102539062500000000e-01 1.196289062500000000e-01
4.545898437500000000e-01 2.358398437500000000e-01 9.223632812500000000e-01
4.545898437500000000e-01 5.102539062500000000e-01 9.223632812500000000e-01
7.211914062500000000e-01 2.358398437500000000e-01 9.223632812500000000e-01
7.211914062500000000e-01 5.102539062500000000e-01 1.196289062500000000e-01
7.211914062500000000e-01 5.102539062500000000e-01 9.223632812500000000e-01
9.545898437500000000e-01 7.358398437500000000e-01 6.196289062500000000e-01
2.211914062500000000e-01 7.358398437500000000e-01 6.196289062500000000e-01
9.545898437500000000e-01 1.025390625000000000e-02 6.196289062500000000e-01
9.545898437500000000e-01 7.358398437500000000e-01 4.223632812500000000e-01
9.545898437500000000e-01 1.025390625000000000e-02 4.223632812500000000e-01
2.211914062500000000e-01 7.358398437500000000e-01 4.223632812500000000e-01
2.211914062500000000e-01 1.025390625000000000e-02 6.196289062500000000e-01
2.211914062500000000e-01 1.025390625000000000e-02 4.223632812500000000e-01
7.045898437500000000e-01 4.858398437500000000e-01 3.696289062500000000e-01
9.711914062500000000e-01 4.858398437500000000e-01 3.696289062500000000e-01
7.045898437500000000e-01 2.602539062500000000e-01 3.696289062500000000e-01
7.045898437500000000e-01 4.858398437500000000e-01 1.723632812500000000e-01
7.045898437500000000e-01 2.602539062500000000e-01 1.723632812500000000e-01
9.711914062500000000e-01 4.858398437500000000e-01 1.723632812500000000e-01
9.711914062500000000e-01 2.602539062500000000e-01 3.696289062500000000e-01
9.711914062500000000e-01 2.602539062500000000e-01 1.723632812500000000e-01
2.045898437500000000e-01 9.858398437500000000e-01 8.696289062500000000e-01
4.711914062500000000e-01 9.858398437500000000e-01 8.696289062500000000e-01
2.045898437500000000e-01 7.602539062500000000e-01 8.696289062500000000e-01
2.045898437500000000e-01 9.858398437500000000e-01 6.723632812500000000e-01
2.045898437500000000e-01 7.602539062500000000e-01 6.723632812500000000e-01
4.711914062500000000e-01 9.858398437500000000e-01 6.723632812500000000e-01
4.711914062500000000e-01 7.602539062500000000e-01 8.696289062500000000e-01
4.711914062500000000e-01 7.602539062500000000e-01 6.723632812500000000e-01
1.420898437500000000e-01 4.833984375000000000e-02 3.071289062500000000e-01
1.586914062500000000e-01 4.833984375000000000e-02 3.071289062500000000e-01
1.420898437500000000e-01 4.477539062500000000e-01 3.071289062500000000e-01
1.420898437500000000e-01 4.833984375000000000e-02 6.098632812500000000e-01
1.420898437500000000e-01 4.477539062500000000e-01 6.098632812500000000e-01
1.586914062500000000e-01 4.833984375000000000e-02 6.098632812500000000e-01
1.586914062500000000e-01 4.477539062500000000e-01 3.071289062500000000e-01
1.586914062500000000e-01 4.477539062500000000e-01 6.098632812500000000e-01
6.420898437500000000e-01 5.483398437500000000e-01 8.071289062500000000e-01
6.586914062500000000e-01 5.483398437500000000e-01 8.071289062500000000e-01
6.420898437500000000e-01 9.477539062500000000e-01 8.071289062500000000e-01
6.420898437500000000e-01 5.483398437500000000e-01 1.098632812500000000e-01
6.420898437500000000e-01 9.477539062500000000e-01 1.098632812500000000e-01
6.586914062500000000e-01 5.483398437500000000e-01 1.098632812500000000e-01
6.586914062500000000e-01 9.477539062500000000e-01 8.071289062500000000e-01
6.586914062500000000e-01 9.477539062500000000e-01 1.098632812500000000e-01
8.920898437500000000e-01 2.983398437500000000e-01 5.712890625000000000e-02
4.086914062500000000e-01 2.983398437500000000e-01 5.712890625000000000e-02
8.920898437500000000e-01 6.977539062500000000e-01 5.712890625000000000e-02
8.920898437500000000e-01 2.983398437500000000e-01 3.598632812500000000e-01
8.920898437500000000e-01 6.977539062500000000e-01 3.598632812500000000e-01
4.086914062500000000e-01 2.983398437500000000e-01 3.598632812500000000e-01
4.086914062500000000e-01 6.977539062500000000e-01 5.712890625000000000e-02
4.086914062500000000e-01 6.977539062500000000e-01 3.598632812500000000e-01
3.920898437500000000e-01 7.983398437500000000e-01 5.571289062500000000e-01
9.086914062500000000e-01 7.983398437500000000e-01 5.571289062500000000e-01
3.920898437500000000e-01 1.977539062500000000e-01 5.571289062500000000e-01
3.920898437500000000e-01 7.983398437500000000e-01 8.598632812500000000e-01
3.920898437500000000e-01 1.977539062500000000e-01 8.598632812500000000e-01
9.086914062500000000e-01 7.983398437500000000e-01 8.598632812500000000e-01
9.086914062500000000e-01 1.977539062500000000e-01 5.571289062500000000e-01
9.086914062500000000e-01 1.977539062500000000e-01 8.598632812500000000e-01
2.670898437500000000e-01 4.233398437500000000e-01 9.321289062500000000e-01
7.836914062500000000e-01 4.233398437500000000e-01 9.321289062500000000e-01
2.670898437500000000e-01 7.275390625000000000e-02 9.321289062500000000e-01
2.670898437500000000e-01 4.233398437500000000e-01 7.348632812500000000e-01
2.670898437500000000e-01 7.275390625000000000e-02 7.348632812500000000e-01
7.836914062500000000e-01 4.233398437500000000e-01 7.348632812500000000e-01
7.836914062500000000e-01 7.275390625000000000e-02 9.321289062500000000e-01
7.836914062500000000e-01 7.275390625000000000e-02 7.348632812500000000e-01
7.670898437500000000e-01 9.233398437500000000e-01 4.321289062500000000e-01
2.836914062500000000e-01 9.233398437500000000e-01 4.321289062500000000e-01
7.670898437500000000e-01 5.727539062500000000e-01 4.321289062500000000e-01
7.670898437500000000e-01 9.233398437500000000e-01 2.348632812500000000e-01
7.670898437500000000e-01 5.727539062500000000e-01 2.348632812500000000e-01
2.836914062500000000e-01 9.233398437500000000e-01 2.348632812500000000e-01
2.836914062500000000e-01 5.727539062500000000e-01 4.321289062500000000e-01
2.836914062500000000e-01 5.727539062500000000e-01 2.348632812500000000e-01
5.170898437500000000e-01 1.733398437500000000e-01 6.821289062500000000e-01
5.336914062500000000e-01 1.733398437500000000e-01 6.821289062500000000e-01
5.170898437500000000e-01 8.227539062500000000e-01 6.821289062500000000e-01
5.170898437500000000e-01 1.733398437500000000e-01 4.848632812500000000e-01
5.170898437500000000e-01 8.227539062500000000e-01 4.848632812500000000e-01
5.336914062500000000e-01 1.733398437500000000e-01 4.848632812500000000e-01
5.336914062500000000e-01 8.227539062500000000e-01 6.821289062500000000e-01
5.336914062500000000e-01 8.227539062500000000e-01 4.848632812500000000e-01
1.708984375000000000e-02 6.733398437500000000e-01 1.821289062500000000e-01
3.369140625000000000e-02 6.733398437500000000e-01 1.821289062500000000e-01
1.708984375000000000e-02 3.227539062500000000e-01 1.821289062500000000e-01
1.708984375000000000e-02 6.733398437500000000e-01 9.848632812500000000e-01
1.708984375000000000e-02 3.227539062500000000e-01 9.848632812500000000e-01
3.369140625000000000e-02 6.733398437500000000e-01 9.848632812500000000e-01
3.369140625000000000e-02 3.227539062500000000e-01 1.821289062500000000e-01
3.369140625000000000e-02 3.227539062500000000e-01 9.848632812500000000e-01
2.490234375000000000e-02 2.490234375000000000e-02 6.274414062500000000e-01
6.665039062500000000e-01 2.490234375000000000e-02 6.274414062500000000e-01
2.490234375000000000e-02 1.586914062500000000e-01 6.274414062500000000e-01
2.490234375000000000e-02 2.490234375000000000e-02 6.645507812500000000e-01
2.490234375000000000e-02 1.586914062500000000e-01 6.645507812500000000e-01
6.665039062500000000e-01 2.490234375000000000e-02 6.645507812500000000e-01
6.665039062500000000e-01 1.586914062500000000e-01 6.274414062500000000e-01
6.665039062500000000e-01 1.586914062500000000e-01 6.645507812500000000e-01
5.249023437500000000e-01 5.249023437500000000e-01 1.274414062500000000e-01
1.665039062500000000e-01 5.249023437500000000e-01 1.274414062500000000e-01
5.249023437500000000e-01 6.586914062500000000e-01 1.274414062500000000e-01
5.249023437500000000e-01 5.249023437500000000e-01 1.645507812500000000e-01
5.249023437500000000e-01 6.586914062500000000e-01 1.645507812500000000e-01
1.665039062500000000e-01 5.249023437500000000e-01 1.645507812500000000e-01
1.665039062500000000e-01 6.586914062500000000e-01 1.274414062500000000e-01
1.665039062500000000e-01 6.586914062500000000e-01 1.645507812500000000e-01
7.749023437500000000e-01 2.749023437500000000e-01 8.774414062500000000e-01
9.165039062500000000e-01 2.749023437500000000e-01 8.774414062500000000e-01
7.749023437500000000e-01 9.086914062500000000e-01 8.774414062500000000e-01
7.749023437500000000e-01 2.749023437500000000e-01 4.145507812500000000e-01
7.749023437500000000e-01 9.086914062500000000e-01 4.145507812500000000e-01
9.165039062500000000e-01 2.749023437500000000e-01 4.145507812500000000e-01
9.165039062500000000e-01 9.086914062500000000e-01 8.774414062500000000e-01
9.165039062500000000e-01 9.086914062500000000e-01 4.145507812500000000e-01
2.749023437500000000e-01 7.749023437500000000e-01 3.774414062500000000e-01
4.165039062500000000e-01 7.749023437500000000e-01 3.774414062500000000e-01
2.749023437500000000e-01 4.086914062500000000e-01 3.774414062500000000e-01
2.749023437500000000e-01 7.749023437500000000e-01 9.145507812500000000e-01
2.749023437500000000e-01 4.086914062500000000e-01 9.145507812500000000e-01
4.165039062500000000e-01 7.749023437500000000e-01 9.145507812500000000e-01
4.165039062500000000e-01 4.086914062500000000e-01 3.774414062500000000e-01
4.165039062500000000e-01 4.086914062500000000e-01 9.145507812500000000e-01
3.999023437500000000e-01 3.999023437500000000e-01 2.441406250000000000e-03
2.915039062500000000e-01 3.999023437500000000e-01 2.441406250000000000e-03
3.999023437500000000e-01 2.836914062500000000e-01 2.441406250000000000e-03
3.999023437500000000e-01 3.999023437500000000e-01 5.395507812500000000e-01
3.999023437500000000e-01 2.836914062500000000e-01 5.395507812500000000e-01
2.915039062500000000e-01 3.999023437500000000e-01 5.395507812500000000e-01
2.915039062500000000e-01 2.836914062500000000e-01 2.441406250000000000e-03
2.915039062500000000e-01 2.836914062500000000e-01 5.395507812500000000e-01
8.999023437500000000e-01 8.999023437500000000e-01 5.024414062500000000e-01
7.915039062500000000e-01 8.999023437500000000e-01 5.024414062500000000e-01
8.999023437500000000e-01 7.836914062500000000e-01 5.024414062500000000e-01
8.999023437500000000e-01 8.999023437500000000e-01 3.955078125000000000e-02
8.999023437500000000e-01 7.836914062500000000e-01 3.955078125000000000e-02
7.915039062500000000e-01 8.999023437500000000e-01 3.955078125000000000e-02
7.915039062500000000e-01 7.836914062500000000e-01 5.024414062500000000e-01
7.915039062500000000e-01 7.836914062500000000e-01 3.955078125000000000e-02
6.499023437500000000e-01 1.499023437500000000e-01 2.524414062500000000e-01
4.150390625000000000e-02 1.499023437500000000e-01 2.524414062500000000e-01
6.499023437500000000e-01 5.336914062500000000e-01 2.524414062500000000e-01
6.499023437500000000e-01 1.499023437500000000e-01 2.895507812500000000e-01
6.499023437500000000e-01 5.336914062500000000e-01 2.895507812500000000e-01
4.150390625000000000e-02 1.499023437500000000e-01 2.895507812500000000e-01
4.150390625000000000e-02 5.336914062500000000e-01 2.524414062500000000e-01
4.150390625000000000e-02 5.336914062500000000e-01 2.895507812500000000e-01
1.499023437500000000e-01 6.499023437500000000e-01 7.524414062500000000e-01
5.415039062500000000e-01 6.499023437500000000e-01 7.524414062500000000e-01
1.499023437500000000e-01 3.369140625000000000e-02 7.524414062500000000e-01
1.499023437500000000e-01 6.499023437500000000e-01 7.895507812500000000e-01
1.499023437500000000e-01 3.369140625000000000e-02 7.895507812500000000e-01
5.415039062500000000e-01 6.499023437500000000e-01 7.895507812500000000e-01
5.415039062500000000e-01 3.369140625000000000e-02 7.524414062500000000e-01
5.415039062500000000e-01 3.369140625000000000e-02 7.895507812500000000e-01
2.124023437500000000e-01 3.374023437500000000e-01 3.149414062500000000e-01
8.540039062500000000e-01 3.374023437500000000e-01 3.149414062500000000e-01
2.124023437500000000e-01 7.211914062500000000e-01 3.149414062500000000e-01
2.124023437500000000e-01 3.374023437500000000e-01 9.770507812500000000e-01
2.124023437500000000e-01 7.211914062500000000e-01 9.770507812500000000e-01
8.540039062500000000e-01 3.374023437500000000e-01 9.770507812500000000e-01
8.540039062500000000e-01 7.211914062500000000e-01 3.149414062500000000e-01
8.540039062500000000e-01 7.211914062500000000e-01 9.770507812500000000e-01
7.124023437500000000e-01 8.374023437500000000e-01 8.149414062500000000e-01
3.540039062500000000e-01 8.374023437500000000e-01 8.149414062500000000e-01
7.124023437500000000e-01 2.211914062500000000e-01 8.149414062500000000e-01
7.124023437500000000e-01 8.374023437500000000e-01 4.770507812500000000e-01
7.124023437500000000e-01 2.211914062500000000e-01 4.770507812500000000e-01
3.540039062500000000e-01 8.374023437500000000e-01 4.770507812500000000e-01
3.540039062500000000e-01 2.211914062500000000e-01 8.149414062500000000e-01
3.540039062500000000e-01 2.211914062500000000e-01 4.770507812500000000e-01
9.624023437500000000e-01 8.740234375000000000e-02 6.494140625000000000e-02
6.040039062500000000e-01 8.740234375000000000e-02 6.494140625000000000e-02
9.624023437500000000e-01 4.711914062500000000e-01 6.494140625000000000e-02
9.624023437500000000e-01 8.740234375000000000e-02 2.270507812500000000e-01
9.624023437500000000e-01 4.711914062500000000e-01 2.270507812500000000e-01
6.040039062500000000e-01 8.740234375000000000e-02 2.270507812500000000e-01
6.040039062500000000e-01 4.711914062500000000e-01 6.494140625000000000e-02
6.040039062500000000e-01 4.711914062500000000e-01 2.270507812500000000e-01
4.624023437500000000e-01 5.874023437500000000e-01 5.649414062500000000e-01
1.040039062500000000e-01 5.874023437500000000e-01 5.649414062500000000e-01
4.624023437500000000e-01 9.711914062500000000e-01 5.649414062500000000e-01
4.624023437500000000e-01 5.874023437500000000e-01 7.270507812500000000e-01
4.624023437500000000e-01 9.711914062500000000e-01 7.270507812500000000e-01
1.040039062500000000e-01 5.874023437500000000e-01 7.270507812500000000e-01
1.040039062500000000e-01 9.711914062500000000e-01 5.649414062500000000e-01
1.040039062500000000e-01 9.711914062500000000e-01 7.270507812500000000e-01
