2.197265625000000000e-01 9.667968750000000000e-02 1.000000000000000000e+00
6.767578125000000000e-01 9.667968750000000000e-02 1.000000000000000000e+00
2.197265625000000000e-01 2.802734375000000000e-01 1.000000000000000000e+00
2.197265625000000000e-01 9.667968750000000000e-02 1.000000000000000000e+00
2.197265625000000000e-01 2.802734375000000000e-01 1.000000000000000000e+00
6.767578125000000000e-01 9.667968750000000000e-02 1.000000000000000000e+00
6.767578125000000000e-01 2.802734375000000000e-01 1.000000000000000000e+00
6.767578125000000000e-01 2.802734375000000000e-01 1.000000000000000000e+00
7.197265625000000000e-01 5.966796875000000000e-01 0.000000000000000000e+00
1.767578125000000000e-01 5.966796875000000000e-01 0.000000000000000000e+00
7.197265625000000000e-01 7.802734375000000000e-01 0.000000000000000000e+00
7.197265625000000000e-01 5.966796875000000000e-01 0.000000000000000000e+00
7.197265625000000000e-01 7.802734375000000000e-01 0.000000000000000000e+00
1.767578125000000000e-01 5.966796875000000000e-01 0.000000000000000000e+00
1.767578125000000000e-01 7.802734375000000000e-01 0.000000000000000000e+00
1.767578125000000000e-01 7.802734375000000000e-01 0.000000000000000000e+00
9.697265625000000000e-01 3.466796875000000000e-01 1.000000000000000000e+00
9.267578125000000000e-01 3.466796875000000000e-01 1.000000000000000000e+00
9.697265625000000000e-01 5.302734375000000000e-01 1.000000000000000000e+00
9.697265625000000000e-01 3.466796875000000000e-01 0.000000000000000000e+00
9.697265625000000000e-01 5.302734375000000000e-01 0.000000000000000000e+00
9.267578125000000000e-01 3.466796875000000000e-01 0.000000000000000000e+00
9.267578125000000000e-01 5.302734375000000000e-01 1.000000000000000000e+00
9.267578125000000000e-01 5.302734375000000000e-01 0.000000000000000000e+00
4.697265625000000000e-01 8.466796875000000000e-01 0.000000000000000000e+00
4.267578125000000000e-01 8.466796875000000000e-01 0.000000000000000000e+00
4.697265625000000000e-01 3.027343750000000000e-02 0.000000000000000000e+00
4.697265625000000000e-01 8.466796875000000000e-01 1.000000000000000000e+00
4.697265625000000000e-01 3.027343750000000000e-02 1.000000000000000000e+00
4.267578125000000000e-01 8.466796875000000000e-01 1.000000000000000000e+00
4.267578125000000000e-01 3.027343750000000000e-02 0.000000000000000000e+00
4.267578125000000000e-01 3.027343750000000000e-02 1.000000000000000000e+00
3.447265625000000000e-01 4.716796875000000000e-01 0.000000000000000000e+00
3.017578125000000000e-01 4.716796875000000000e-01 0.000000000000000000e+00
3.447265625000000000e-01 1.552734375000000000e-01 0.000000000000000000e+00
3.447265625000000000e-01 4.716796875000000000e-01 1.000000000000000000e+00
3.447265625000000000e-01 1.552734375000000000e-01 1.000000000000000000e+00
3.017578125000000000e-01 4.716796875000000000e-01 1.000000000000000000e+00
3.017578125000000000e-01 1.552734375000000000e-01 0.000000000000000000e+00
3.017578125000000000e-01 1.552734375000000000e-01 1.000000000000000000e+00
8.447265625000000000e-01 9.716796875000000000e-01 1.000000000000000000e+00
8.017578125000000000e-01 9.716796875000000000e-01 1.000000000000000000e+00
8.447265625000000000e-01 6.552734375000000000e-01 1.000000000000000000e+00
8.447265625000000000e-01 9.716796875000000000e-01 0.000000000000000000e+00
8.447265625000000000e-01 6.552734375000000000e-01 0.000000000000000000e+00
8.017578125000000000e-01 9.716796875000000000e-01 0.000000000000000000e+00
8.017578125000000000e-01 6.552734375000000000e-01 1.000000000000000000e+00
8.017578125000000000e-01 6.552734375000000000e-01 0.000000000000000000e+00
5.947265625000000000e-01 2.216796875000000000e-01 0.000000000000000000e+00
5.175781250000000000e-02 2.216796875000000000e-01 0.000000000000000000e+00
5.947265625000000000e-01 9.052734375000000000e-01 0.000000000000000000e+00
5.947265625000000000e-01 2.216796875000000000e-01 0.000000000000000000e+00
5.947265625000000000e-01 9.052734375000000000e-01 0.000000000000000000e+00
5.175781250000000000e-02 2.216796875000000000e-01 0.000000000000000000e+00
5.175781250000000000e-02 9.052734375000000000e-01 0.000000000000000000e+00
5.175781250000000000e-02 9.052734375000000000e-01 0.000000000000000000e+00
9.472656250000000000e-02 7.216796875000000000e-01 1.000000000000000000e+00
5.517578125000000000e-01 7.216796875000000000e-01 1.000000000000000000e+00
9.472656250000000000e-02 4.052734375000000000e-01 1.000000000000000000e+00
9.472656250000000000e-02 7.216796875000000000e-01 1.000000000000000000e+00
9.472656250000000000e-02 4.052734375000000000e-01 1.000000000000000000e+00
5.517578125000000000e-01 7.216796875000000000e-01 1.000000000000000000e+00
5.517578125000000000e-01 4.052734375000000000e-01 1.000000000000000000e+00
5.517578125000000000e-01 4.052734375000000000e-01 1.000000000000000000e+00
6.347656250000000000e-02 1.904296875000000000e-01 0.000000000000000000e+00
4.580078125000000000e-01 1.904296875000000000e-01 0.000000000000000000e+00
6.347656250000000000e-02 6.240234375000000000e-01 0.000000000000000000e+00
6.347656250000000000e-02 1.904296875000000000e-01 0.000000000000000000e+00
6.347656250000000000e-02 6.240234375000000000e-01 0.000000000000000000e+00
4.580078125000000000e-01 1.904296875000000000e-01 0.000000000000000000e+00
4.580078125000000000e-01 6.240234375000000000e-01 0.000000000000000000e+00
4.580078125000000000e-01 6.240234375000000000e-01 0.000000000000000000e+00
5.634765625000000000e-01 6.904296875000000000e-01 1.000000000000000000e+00
9.580078125000000000e-01 6.904296875000000000e-01 1.000000000000000000e+00
5.634765625000000000e-01 1.240234375000000000e-01 1.000000000000000000e+00
5.634765625000000000e-01 6.904296875000000000e-01 1.000000000000000000e+00
5.634765625000000000e-01 1.240234375000000000e-01 1.000000000000000000e+00
9.580078125000000000e-01 6.904296875000000000e-01 1.000000000000000000e+00
9.580078125000000000e-01 1.240234375000000000e-01 1.000000000000000000e+00
9.580078125000000000e-01 1.240234375000000000e-01 1.000000000000000000e+00
8.134765625000000000e-01 4.404296875000000000e-01 0.000000000000000000e+00
2.080078125000000000e-01 4.404296875000000000e-01 0.000000000000000000e+00
8.134765625000000000e-01 3.740234375000000000e-01 0.000000000000000000e+00
8.134765625000000000e-01 4.404296875000000000e-01 1.000000000000000000e+00
8.134765625000000000e-01 3.740234375000000000e-01 1.000000000000000000e+00
2.080078125000000000e-01 4.404296875000000000e-01 1.000000000000000000e+00
2.080078125000000000e-01 3.740234375000000000e-01 0.000000000000000000e+00
2.080078125000000000e-01 3.740234375000000000e-01 1.000000000000000000e+00
3.134765625000000000e-01 9.404296875000000000e-01 1.000000000000000000e+00
7.080078125000000000e-01 9.404296875000000000e-01 1.000000000000000000e+00
3.134765625000000000e-01 8.740234375000000000e-01 1.000000000000000000e+00
3.134765625000000000e-01 9.404296875000000000e-01 0.000000000000000000e+00
3.134765625000000000e-01 8.740234375000000000e-01 0.000000000000000000e+00
7.080078125000000000e-01 9.404296875000000000e-01 0.000000000000000000e+00
7.080078125000000000e-01 8.740234375000000000e-01 1.000000000000000000e+00
7.080078125000000000e-01 8.740234375000000000e-01 0.000000000000000000e+00
4.384765625000000000e-01 3.154296875000000000e-01 1.000000000000000000e+00
5.830078125000000000e-01 3.154296875000000000e-01 1.000000000000000000e+00
4.384765625000000000e-01 9.990234375000000000e-01 1.000000000000000000e+00
4.384765625000000000e-01 3.154296875000000000e-01 0.000000000000000000e+00
4.384765625000000000e-01 9.990234375000000000e-01 0.000000000000000000e+00
5.830078125000000000e-01 3.154296875000000000e-01 0.000000000000000000e+00
5.830078125000000000e-01 9.990234375000000000e-01 1.000000000000000000e+00
5.830078125000000000e-01 9.990234375000000000e-01 0.000000000000000000e+00
9.384765625000000000e-01 8.154296875000000000e-01 0.000000000000000000e+00
8.300781250000000000e-02 8.154296875000000000e-01 0.000000000000000000e+00
9.384765625000000000e-01 4.990234375000000000e-01 0.000000000000000000e+00
9.384765625000000000e-01 8.154296875000000000e-01 1.000000000000000000e+00
9.384765625000000000e-01 4.990234375000000000e-01 1.000000000000000000e+00
8.300781250000000000e-02 8.154296875000000000e-01 1.000000000000000000e+00
8.300781250000000000e-02 4.990234375000000000e-01 0.000000000000000000e+00
8.300781250000000000e-02 4.990234375000000000e-01 1.000000000000000000e+00
6.884765625000000000e-01 6.542968750000000000e-02 1.000000000000000000e+00
8.330078125000000000e-01 6.542968750000000000e-02 1.000000000000000000e+00
6.884765625000000000e-01 2.490234375000000000e-01 1.000000000000000000e+00
6.884765625000000000e-01 6.542968750000000000e-02 1.000000000000000000e+00
6.884765625000000000e-01 2.490234375000000000e-01 1.000000000000000000e+00
8.330078125000000000e-01 6.542968750000000000e-02 1.000000000000000000e+00
8.330078125000000000e-01 2.490234375000000000e-01 1.000000000000000000e+00
8.330078125000000000e-01 2.490234375000000000e-01 1.000000000000000000e+00
1.884765625000000000e-01 5.654296875000000000e-01 0.000000000000000000e+00
3.330078125000000000e-01 5.654296875000000000e-01 0.000000000000000000e+00
1.884765625000000000e-01 7.490234375000000000e-01 0.000000000000000000e+00
1.884765625000000000e-01 5.654296875000000000e-01 0.000000000000000000e+00
1.884765625000000000e-01 7.490234375000000000e-01 0.000000000000000000e+00
3.330078125000000000e-01 5.654296875000000000e-01 0.000000000000000000e+00
3.330078125000000000e-01 7.490234375000000000e-01 0.000000000000000000e+00
3.330078125000000000e-01 7.490234375000000000e-01 0.000000000000000000e+00
1.259765625000000000e-01 3.779296875000000000e-01 1.000000000000000000e+00
2.050781250000000000e-02 3.779296875000000000e-01 1.000000000000000000e+00
1.259765625000000000e-01 6.152343750000000000e-02 1.000000000000000000e+00
1.259765625000000000e-01 3.779296875000000000e-01 0.000000000000000000e+00
1.259765625000000000e-01 6.152343750000000000e-02 0.000000000000000000e+00
2.050781250000000000e-02 3.779296875000000000e-01 0.000000000000000000e+00
2.050781250000000000e-02 6.152343750000000000e-02 1.000000000000000000e+00
2.050781250000000000e-02 6.152343750000000000e-02 0.000000000000000000e+00
6.259765625000000000e-01 8.779296875000000000e-01 0.000000000000000000e+00
5.205078125000000000e-01 8.779296875000000000e-01 0.000000000000000000e+00
6.259765625000000000e-01 5.615234375000000000e-01 0.000000000000000000e+00
6.259765625000000000e-01 8.779296875000000000e-01 1.000000000000000000e+00
6.259765625000000000e-01 5.615234375000000000e-01 1.000000000000000000e+00
5.205078125000000000e-01 8.779296875000000000e-01 1.000000000000000000e+00
5.205078125000000000e-01 5.615234375000000000e-01 0.000000000000000000e+00
5.205078125000000000e-01 5.615234375000000000e-01 1.000000000000000000e+00
8.759765625000000000e-01 1.279296875000000000e-01 1.000000000000000000e+00
2.705078125000000000e-01 1.279296875000000000e-01 1.000000000000000000e+00
8.759765625000000000e-01 8.115234375000000000e-01 1.000000000000000000e+00
8.759765625000000000e-01 1.279296875000000000e-01 1.000000000000000000e+00
8.759765625000000000e-01 8.115234375000000000e-01 1.000000000000000000e+00
2.705078125000000000e-01 1.279296875000000000e-01 1.000000000000000000e+00
2.705078125000000000e-01 8.115234375000000000e-01 1.000000000000000000e+00
2.705078125000000000e-01 8.115234375000000000e-01 1.000000000000000000e+00
3.759765625000000000e-01 6.279296875000000000e-01 0.000000000000000000e+00
7.705078125000000000e-01 6.279296875000000000e-01 0.000000000000000000e+00
3.759765625000000000e-01 3.115234375000000000e-01 0.000000000000000000e+00
3.759765625000000000e-01 6.279296875000000000e-01 0.000000000000000000e+00
3.759765625000000000e-01 3.115234375000000000e-01 0.000000000000000000e+00
7.705078125000000000e-01 6.279296875000000000e-01 0.000000000000000000e+00
7.705078125000000000e-01 3.115234375000000000e-01 0.000000000000000000e+00
7.705078125000000000e-01 3.115234375000000000e-01 0.000000000000000000e+00
2.509765625000000000e-01 2.929687500000000000e-03 0.000000000000000000e+00
8.955078125000000000e-01 2.929687500000000000e-03 0.000000000000000000e+00
2.509765625000000000e-01 4.365234375000000000e-01 0.000000000000000000e+00
2.509765625000000000e-01 2.929687500000000000e-03 0.000000000000000000e+00
2.509765625000000000e-01 4.365234375000000000e-01 0.000000000000000000e+00
8.955078125000000000e-01 2.929687500000000000e-03 0.000000000000000000e+00
8.955078125000000000e-01 4.365234375000000000e-01 0.000000000000000000e+00
8.955078125000000000e-01 4.365234375000000000e-01 0.000000000000000000e+00
7.509765625000000000e-01 5.029296875000000000e-01 1.000000000000000000e+00
3.955078125000000000e-01 5.029296875000000000e-01 1.000000000000000000e+00
7.509765625000000000e-01 9.365234375000000000e-01 1.000000000000000000e+00
7.509765625000000000e-01 5.029296875000000000e-01 1.000000000000000000e+00
7.509765625000000000e-01 9.365234375000000000e-01 1.000000000000000000e+00
3.955078125000000000e-01 5.029296875000000000e-01 1.000000000000000000e+00
3.955078125000000000e-01 9.365234375000000000e-01 1.000000000000000000e+00
3.955078125000000000e-01 9.365234375000000000e-01 1.000000000000000000e+00
5.009765625000000000e-01 2.529296875000000000e-01 0.000000000000000000e+00
6.455078125000000000e-01 2.529296875000000000e-01 0.000000000000000000e+00
5.009765625000000000e-01 6.865234375000000000e-01 0.000000000000000000e+00
5.009765625000000000e-01 2.529296875000000000e-01 1.000000000000000000e+00
5.009765625000000000e-01 6.865234375000000000e-01 1.000000000000000000e+00
6.455078125000000000e-01 2.529296875000000000e-01 1.000000000000000000e+00
6.455078125000000000e-01 6.865234375000000000e-01 0.000000000000000000e+00
6.455078125000000000e-01 6.865234375000000000e-01 1.000000000000000000e+00
9.765625000000000000e-04 7.529296875000000000e-01 1.000000000000000000e+00
1.455078125000000000e-01 7.529296875000000000e-01 1.000000000000000000e+00
9.765625000000000000e-04 1.865234375000000000e-01 1.000000000000000000e+00
9.765625000000000000e-04 7.529296875000000000e-01 0.000000000000000000e+00
9.765625000000000000e-04 1.865234375000000000e-01 0.000000000000000000e+00
1.455078125000000000e-01 7.529296875000000000e-01 0.000000000000000000e+00
1.455078125000000000e-01 1.865234375000000000e-01 1.000000000000000000e+00
1.455078125000000000e-01 1.865234375000000000e-01 0.000000000000000000e+00
1.464843750000000000e-03 3.764648437500000000e-01 0.000000000000000000e+00
4.868164062500000000e-01 3.764648437500000000e-01 0.000000000000000000e+00
1.464843750000000000e-03 5.571289062500000000e-01 0.000000000000000000e+00
1.464843750000000000e-03 3.764648437500000000e-01 1.000000000000000000e+00
1.464843750000000000e-03 5.571289062500000000e-01 1.000000000000000000e+00
4.868164062500000000e-01 3.764648437500000000e-01 1.000000000000000000e+00
4.868164062500000000e-01 5.571289062500000000e-01 0.000000000000000000e+00
4.868164062500000000e-01 5.571289062500000000e-01 1.000000000000000000e+00
5.014648437500000000e-01 8.764648437500000000e-01 1.000000000000000000e+00
9.868164062500000000e-01 8.764648437500000000e-01 1.000000000000000000e+00
5.014648437500000000e-01 5.712890625000000000e-02 1.000000000000000000e+00
5.014648437500000000e-01 8.764648437500000000e-01 0.000000000000000000e+00
5.014648437500000000e-01 5.712890625000000000e-02 0.000000000000000000e+00
9.868164062500000000e-01 8.764648437500000000e-01 0.000000000000000000e+00
9.868164062500000000e-01 5.712890625000000000e-02 1.000000000000000000e+00
9.868164062500000000e-01 5.712890625000000000e-02 0.000000000000000000e+00
7.514648437500000000e-01 1.264648437500000000e-01 0.000000000000000000e+00
2.368164062500000000e-01 1.264648437500000000e-01 0.000000000000000000e+00
7.514648437500000000e-01 3.071289062500000000e-01 0.000000000000000000e+00
7.514648437500000000e-01 1.264648437500000000e-01 0.000000000000000000e+00
7.514648437500000000e-01 3.071289062500000000e-01 0.000000000000000000e+00
2.368164062500000000e-01 1.264648437500000000e-01 0.000000000000000000e+00
2.368164062500000000e-01 3.071289062500000000e-01 0.000000000000000000e+00
2.368164062500000000e-01 3.071289062500000000e-01 0.000000000000000000e+00
2.514648437500000000e-01 6.264648437500000000e-01 1.000000000000000000e+00
7.368164062500000000e-01 6.264648437500000000e-01 1.000000000000000000e+00
2.514648437500000000e-01 8.071289062500000000e-01 1.000000000000000000e+00
2.514648437500000000e-01 6.264648437500000000e-01 1.000000000000000000e+00
2.514648437500000000e-01 8.071289062500000000e-01 1.000000000000000000e+00
7.368164062500000000e-01 6.264648437500000000e-01 1.000000000000000000e+00
7.368164062500000000e-01 8.071289062500000000e-01 1.000000000000000000e+00
7.368164062500000000e-01 8.071289062500000000e-01 1.000000000000000000e+00
3.764648437500000000e-01 1.464843750000000000e-03 1.000000000000000000e+00
6.118164062500000000e-01 1.464843750000000000e-03 1.000000000000000000e+00
3.764648437500000000e-01 9.321289062500000000e-01 1.000000000000000000e+00
3.764648437500000000e-01 1.464843750000000000e-03 1.000000000000000000e+00
3.764648437500000000e-01 9.321289062500000000e-01 1.000000000000000000e+00
6.118164062500000000e-01 1.464843750000000000e-03 1.000000000000000000e+00
6.118164062500000000e-01 9.321289062500000000e-01 1.000000000000000000e+00
6.118164062500000000e-01 9.321289062500000000e-01 1.000000000000000000e+00
8.764648437500000000e-01 5.014648437500000000e-01 0.000000000000000000e+00
1.118164062500000000e-01 5.014648437500000000e-01 0.000000000000000000e+00
8.764648437500000000e-01 4.321289062500000000e-01 0.000000000000000000e+00
8.764648437500000000e-01 5.014648437500000000e-01 0.000000000000000000e+00
8.764648437500000000e-01 4.321289062500000000e-01 0.000000000000000000e+00
1.118164062500000000e-01 5.014648437500000000e-01 0.000000000000000000e+00
1.118164062500000000e-01 4.321289062500000000e-01 0.000000000000000000e+00
1.118164062500000000e-01 4.321289062500000000e-01 0.000000000000000000e+00
6.264648437500000000e-01 2.514648437500000000e-01 1.000000000000000000e+00
8.618164062500000000e-01 2.514648437500000000e-01 1.000000000000000000e+00
6.264648437500000000e-01 1.821289062500000000e-01 1.000000000000000000e+00
6.264648437500000000e-01 2.514648437500000000e-01 0.000000000000000000e+00
6.264648437500000000e-01 1.821289062500000000e-01 0.000000000000000000e+00
8.618164062500000000e-01 2.514648437500000000e-01 0.000000000000000000e+00
8.618164062500000000e-01 1.821289062500000000e-01 1.000000000000000000e+00
8.618164062500000000e-01 1.821289062500000000e-01 0.000000000000000000e+00
1.264648437500000000e-01 7.514648437500000000e-01 0.000000000000000000e+00
3.618164062500000000e-01 7.514648437500000000e-01 0.000000000000000000e+00
1.264648437500000000e-01 6.821289062500000000e-01 0.000000000000000000e+00
1.264648437500000000e-01 7.514648437500000000e-01 1.000000000000000000e+00
1.264648437500000000e-01 6.821289062500000000e-01 1.000000000000000000e+00
3.618164062500000000e-01 7.514648437500000000e-01 1.000000000000000000e+00
3.618164062500000000e-01 6.821289062500000000e-01 0.000000000000000000e+00
3.618164062500000000e-01 6.821289062500000000e-01 1.000000000000000000e+00
1.889648437500000000e-01 1.889648437500000000e-01 1.000000000000000000e+00
4.931640625000000000e-02 1.889648437500000000e-01 1.000000000000000000e+00
1.889648437500000000e-01 1.196289062500000000e-01 1.000000000000000000e+00
1.889648437500000000e-01 1.889648437500000000e-01 1.000000000000000000e+00
1.889648437500000000e-01 1.196289062500000000e-01 1.000000000000000000e+00
4.931640625000000000e-02 1.889648437500000000e-01 1.000000000000000000e+00
4.931640625000000000e-02 1.196289062500000000e-01 1.000000000000000000e+00
4.931640625000000000e-02 1.196289062500000000e-01 1.000000000000000000e+00
6.889648437500000000e-01 6.889648437500000000e-01 0.000000000000000000e+00
5.493164062500000000e-01 6.889648437500000000e-01 0.000000000000000000e+00
6.889648437500000000e-01 6.196289062500000000e-01 0.000000000000000000e+00
6.889648437500000000e-01 6.889648437500000000e-01 0.000000000000000000e+00
6.889648437500000000e-01 6.196289062500000000e-01 0.000000000000000000e+00
5.493164062500000000e-01 6.889648437500000000e-01 0.000000000000000000e+00
5.493164062500000000e-01 6.196289062500000000e-01 0.000000000000000000e+00
5.493164062500000000e-01 6.196289062500000000e-01 0.000000000000000000e+00
9.389648437500000000e-01 4.389648437500000000e-01 1.000000000000000000e+00
2.993164062500000000e-01 4.389648437500000000e-01 1.000000000000000000e+00
9.389648437500000000e-01 8.696289062500000000e-01 1.000000000000000000e+00
9.389648437500000000e-01 4.389648437500000000e-01 0.000000000000000000e+00
9.389648437500000000e-01 8.696289062500000000e-01 0.000000000000000000e+00
2.993164062500000000e-01 4.389648437500000000e-01 0.000000000000000000e+00
2.993164062500000000e-01 8.696289062500000000e-01 1.000000000000000000e+00
2.993164062500000000e-01 8.696289062500000000e-01 0.000000000000000000e+00
4.389648437500000000e-01 9.389648437500000000e-01 0.000000000000000000e+00
7.993164062500000000e-01 9.389648437500000000e-01 0.000000000000000000e+00
4.389648437500000000e-01 3.696289062500000000e-01 0.000000000000000000e+00
4.389648437500000000e-01 9.389648437500000000e-01 1.000000000000000000e+00
4.389648437500000000e-01 3.696289062500000000e-01 1.000000000000000000e+00
7.993164062500000000e-01 9.389648437500000000e-01 1.000000000000000000e+00
7.993164062500000000e-01 3.696289062500000000e-01 0.000000000000000000e+00
7.993164062500000000e-01 3.696289062500000000e-01 1.000000000000000000e+00
3.139648437500000000e-01 3.139648437500000000e-01 0.000000000000000000e+00
9.243164062500000000e-01 3.139648437500000000e-01 0.000000000000000000e+00
3.139648437500000000e-01 4.946289062500000000e-01 0.000000000000000000e+00
3.139648437500000000e-01 3.139648437500000000e-01 1.000000000000000000e+00
3.139648437500000000e-01 4.946289062500000000e-01 1.000000000000000000e+00
9.243164062500000000e-01 3.139648437500000000e-01 1.000000000000000000e+00
9.243164062500000000e-01 4.946289062500000000e-01 0.000000000000000000e+00
9.243164062500000000e-01 4.946289062500000000e-01 1.000000000000000000e+00
8.139648437500000000e-01 8.139648437500000000e-01 1.000000000000000000e+00
4.243164062500000000e-01 8.139648437500000000e-01 1.000000000000000000e+00
8.139648437500000000e-01 9.946289062500000000e-01 1.000000000000000000e+00
8.139648437500000000e-01 8.139648437500000000e-01 0.000000000000000000e+00
8.139648437500000000e-01 9.946289062500000000e-01 0.000000000000000000e+00
4.243164062500000000e-01 8.139648437500000000e-01 0.000000000000000000e+00
4.243164062500000000e-01 9.946289062500000000e-01 1.000000000000000000e+00
4.243164062500000000e-01 9.946289062500000000e-01 0.000000000000000000e+00
5.639648437500000000e-01 6.396484375000000000e-02 0.000000000000000000e+00
6.743164062500000000e-01 6.396484375000000000e-02 0.000000000000000000e+00
5.639648437500000000e-01 7.446289062500000000e-01 0.000000000000000000e+00
5.639648437500000000e-01 6.396484375000000000e-02 0.000000000000000000e+00
5.639648437500000000e-01 7.446289062500000000e-01 0.000000000000000000e+00
6.743164062500000000e-01 6.396484375000000000e-02 0.000000000000000000e+00
6.743164062500000000e-01 7.446289062500000000e-01 0.000000000000000000e+00
6.743164062500000000e-01 7.446289062500000000e-01 0.000000000000000000e+00
6.396484375000000000e-02 5.639648437500000000e-01 1.000000000000000000e+00
1.743164062500000000e-01 5.639648437500000000e-01 1.000000000000000000e+00
6.396484375000000000e-02 2.446289062500000000e-01 1.000000000000000000e+00
6.396484375000000000e-02 5.639648437500000000e-01 1.000000000000000000e+00
6.396484375000000000e-02 2.446289062500000000e-01 1.000000000000000000e+00
1.743164062500000000e-01 5.639648437500000000e-01 1.000000000000000000e+00
1.743164062500000000e-01 2.446289062500000000e-01 1.000000000000000000e+00
1.743164062500000000e-01 2.446289062500000000e-01 1.000000000000000000e+00
9.521484375000000000e-02 9.521484375000000000e-02 0.000000000000000000e+00
8.305664062500000000e-01 9.521484375000000000e-02 0.000000000000000000e+00
9.521484375000000000e-02 7.758789062500000000e-01 0.000000000000000000e+00
9.521484375000000000e-02 9.521484375000000000e-02 0.000000000000000000e+00
9.521484375000000000e-02 7.758789062500000000e-01 0.000000000000000000e+00
8.305664062500000000e-01 9.521484375000000000e-02 0.000000000000000000e+00
8.305664062500000000e-01 7.758789062500000000e-01 0.000000000000000000e+00
8.305664062500000000e-01 7.758789062500000000e-01 0.000000000000000000e+00
5.952148437500000000e-01 5.952148437500000000e-01 1.000000000000000000e+00
3.305664062500000000e-01 5.952148437500000000e-01 1.000000000000000000e+00
5.952148437500000000e-01 2.758789062500000000e-01 1.000000000000000000e+00
5.952148437500000000e-01 5.952148437500000000e-01 1.000000000000000000e+00
5.952148437500000000e-01 2.758789062500000000e-01 1.000000000000000000e+00
3.305664062500000000e-01 5.952148437500000000e-01 1.000000000000000000e+00
3.305664062500000000e-01 2.758789062500000000e-01 1.000000000000000000e+00
3.305664062500000000e-01 2.758789062500000000e-01 1.000000000000000000e+00
8.452148437500000000e-01 3.452148437500000000e-01 0.000000000000000000e+00
5.805664062500000000e-01 3.452148437500000000e-01 0.000000000000000000e+00
8.452148437500000000e-01 2.587890625000000000e-02 0.000000000000000000e+00
8.452148437500000000e-01 3.452148437500000000e-01 1.000000000000000000e+00
8.452148437500000000e-01 2.587890625000000000e-02 1.000000000000000000e+00
5.805664062500000000e-01 3.452148437500000000e-01 1.000000000000000000e+00
5.805664062500000000e-01 2.587890625000000000e-02 0.000000000000000000e+00
5.805664062500000000e-01 2.587890625000000000e-02 1.000000000000000000e+00
3.452148437500000000e-01 8.452148437500000000e-01 1.000000000000000000e+00
8.056640625000000000e-02 8.452148437500000000e-01 1.000000000000000000e+00
3.452148437500000000e-01 5.258789062500000000e-01 1.000000000000000000e+00
3.452148437500000000e-01 8.452148437500000000e-01 0.000000000000000000e+00
3.452148437500000000e-01 5.258789062500000000e-01 0.000000000000000000e+00
8.056640625000000000e-02 8.452148437500000000e-01 0.000000000000000000e+00
8.056640625000000000e-02 5.258789062500000000e-01 1.000000000000000000e+00
8.056640625000000000e-02 5.258789062500000000e-01 0.000000000000000000e+00
4.702148437500000000e-01 4.702148437500000000e-01 1.000000000000000000e+00
2.055664062500000000e-01 4.702148437500000000e-01 1.000000000000000000e+00
4.702148437500000000e-01 6.508789062500000000e-01 1.000000000000000000e+00
4.702148437500000000e-01 4.702148437500000000e-01 0.000000000000000000e+00
4.702148437500000000e-01 6.508789062500000000e-01 0.000000000000000000e+00
2.055664062500000000e-01 4.702148437500000000e-01 0.000000000000000000e+00
2.055664062500000000e-01 6.508789062500000000e-01 1.000000000000000000e+00
2.055664062500000000e-01 6.508789062500000000e-01 0.000000000000000000e+00
9.702148437500000000e-01 9.702148437500000000e-01 0.000000000000000000e+00
7.055664062500000000e-01 9.702148437500000000e-01 0.000000000000000000e+00
9.702148437500000000e-01 1.508789062500000000e-01 0.000000000000000000e+00
9.702148437500000000e-01 9.702148437500000000e-01 1.000000000000000000e+00
9.702148437500000000e-01 1.508789062500000000e-01 1.000000000000000000e+00
7.055664062500000000e-01 9.702148437500000000e-01 1.000000000000000000e+00
7.055664062500000000e-01 1.508789062500000000e-01 0.000000000000000000e+00
7.055664062500000000e-01 1.508789062500000000e-01 1.000000000000000000e+00
7.202148437500000000e-01 2.202148437500000000e-01 1.000000000000000000e+00
4.555664062500000000e-01 2.202148437500000000e-01 1.000000000000000000e+00
7.202148437500000000e-01 4.008789062500000000e-01 1.000000000000000000e+00
7.202148437500000000e-01 2.202148437500000000e-01 1.000000000000000000e+00
7.202148437500000000e-01 4.008789062500000000e-01 1.000000000000000000e+00
4.555664062500000000e-01 2.202148437500000000e-01 1.000000000000000000e+00
4.555664062500000000e-01 4.008789062500000000e-01 1.000000000000000000e+00
4.555664062500000000e-01 4.008789062500000000e-01 1.000000000000000000e+00
2.202148437500000000e-01 7.202148437500000000e-01 0.000000000000000000e+00
9.555664062500000000e-01 7.202148437500000000e-01 0.000000000000000000e+00
2.202148437500000000e-01 9.008789062500000000e-01 0.000000000000000000e+00
2.202148437500000000e-01 7.202148437500000000e-01 0.000000000000000000e+00
2.202148437500000000e-01 9.008789062500000000e-01 0.000000000000000000e+00
9.555664062500000000e-01 7.202148437500000000e-01 0.000000000000000000e+00
9.555664062500000000e-01 9.008789062500000000e-01 0.000000000000000000e+00
9.555664062500000000e-01 9.008789062500000000e-01 0.000000000000000000e+00
1.577148437500000000e-01 2.827148437500000000e-01 1.000000000000000000e+00
6.430664062500000000e-01 2.827148437500000000e-01 1.000000000000000000e+00
1.577148437500000000e-01 3.383789062500000000e-01 1.000000000000000000e+00
1.577148437500000000e-01 2.827148437500000000e-01 0.000000000000000000e+00
1.577148437500000000e-01 3.383789062500000000e-01 0.000000000000000000e+00
6.430664062500000000e-01 2.827148437500000000e-01 0.000000000000000000e+00
6.430664062500000000e-01 3.383789062500000000e-01 1.000000000000000000e+00
6.430664062500000000e-01 3.383789062500000000e-01 0.000000000000000000e+00
6.577148437500000000e-01 7.827148437500000000e-01 0.000000000000000000e+00
1.430664062500000000e-01 7.827148437500000000e-01 0.000000000000000000e+00
6.577148437500000000e-01 8.383789062500000000e-01 0.000000000000000000e+00
6.577148437500000000e-01 7.827148437500000000e-01 1.000000000000000000e+00
6.577148437500000000e-01 8.383789062500000000e-01 1.000000000000000000e+00
1.430664062500000000e-01 7.827148437500000000e-01 1.000000000000000000e+00
1.430664062500000000e-01 8.383789062500000000e-01 0.000000000000000000e+00
1.430664062500000000e-01 8.383789062500000000e-01 1.000000000000000000e+00
9.077148437500000000e-01 3.271484375000000000e-02 1.000000000000000000e+00
8.930664062500000000e-01 3.271484375000000000e-02 1.000000000000000000e+00
9.077148437500000000e-01 5.883789062500000000e-01 1.000000000000000000e+00
9.077148437500000000e-01 3.271484375000000000e-02 1.000000000000000000e+00
9.077148437500000000e-01 5.883789062500000000e-01 1.000000000000000000e+00
8.930664062500000000e-01 3.271484375000000000e-02 1.000000000000000000e+00
8.930664062500000000e-01 5.883789062500000000e-01 1.000000000000000000e+00
8.930664062500000000e-01 5.883789062500000000e-01 1.000000000000000000e+00
4.077148437500000000e-01 5.327148437500000000e-01 0.000000000000000000e+00
3.930664062500000000e-01 5.327148437500000000e-01 0.000000000000000000e+00
4.077148437500000000e-01 8.837890625000000000e-02 0.000000000000000000e+00
4.077148437500000000e-01 5.327148437500000000e-01 0.000000000000000000e+00
4.077148437500000000e-01 8.837890625000000000e-02 0.000000000000000000e+00
3.930664062500000000e-01 5.327148437500000000e-01 0.000000000000000000e+00
3.930664062500000000e-01 8.837890625000000000e-02 0.000000000000000000e+00
3.930664062500000000e-01 8.837890625000000000e-02 0.000000000000000000e+00
2.827148437500000000e-01 1.577148437500000000e-01 0.000000000000000000e+00
2.680664062500000000e-01 1.577148437500000000e-01 0.000000000000000000e+00
2.827148437500000000e-01 2.133789062500000000e-01 0.000000000000000000e+00
2.827148437500000000e-01 1.577148437500000000e-01 0.000000000000000000e+00
2.827148437500000000e-01 2.133789062500000000e-01 0.000000000000000000e+00
2.680664062500000000e-01 1.577148437500000000e-01 0.000000000000000000e+00
2.680664062500000000e-01 2.133789062500000000e-01 0.000000000000000000e+00
2.680664062500000000e-01 2.133789062500000000e-01 0.000000000000000000e+00
7.827148437500000000e-01 6.577148437500000000e-01 1.000000000000000000e+00
7.680664062500000000e-01 6.577148437500000000e-01 1.000000000000000000e+00
7.827148437500000000e-01 7.133789062500000000e-01 1.000000000000000000e+00
7.827148437500000000e-01 6.577148437500000000e-01 1.000000000000000000e+00
7.827148437500000000e-01 7.133789062500000000e-01 1.000000000000000000e+00
7.680664062500000000e-01 6.577148437500000000e-01 1.000000000000000000e+00
7.680664062500000000e-01 7.133789062500000000e-01 1.000000000000000000e+00
7.680664062500000000e-01 7.133789062500000000e-01 1.000000000000000000e+00
5.327148437500000000e-01 4.077148437500000000e-01 0.000000000000000000e+00
1.806640625000000000e-02 4.077148437500000000e-01 0.000000000000000000e+00
5.327148437500000000e-01 9.633789062500000000e-01 0.000000000000000000e+00
5.327148437500000000e-01 4.077148437500000000e-01 1.000000000000000000e+00
5.327148437500000000e-01 9.633789062500000000e-01 1.000000000000000000e+00
1.806640625000000000e-02 4.077148437500000000e-01 1.000000000000000000e+00
1.806640625000000000e-02 9.633789062500000000e-01 0.000000000000000000e+00
1.806640625000000000e-02 9.633789062500000000e-01 1.000000000000000000e+00
3.271484375000000000e-02 9.077148437500000000e-01 1.000000000000000000e+00
5.180664062500000000e-01 9.077148437500000000e-01 1.000000000000000000e+00
3.271484375000000000e-02 4.633789062500000000e-01 1.000000000000000000e+00
3.271484375000000000e-02 9.077148437500000000e-01 0.000000000000000000e+00
3.271484375000000000e-02 4.633789062500000000e-01 0.000000000000000000e+00
5.180664062500000000e-01 9.077148437500000000e-01 0.000000000000000000e+00
5.180664062500000000e-01 4.633789062500000000e-01 1.000000000000000000e+00
5.180664062500000000e-01 4.633789062500000000e-01 0.000000000000000000e+00
4.833984375000000000e-02 1.420898437500000000e-01 1.000000000000000000e+00
9.399414062500000000e-01 1.420898437500000000e-01 1.000000000000000000e+00
4.833984375000000000e-02 6.665039062500000000e-01 1.000000000000000000e+00
4.833984375000000000e-02 1.420898437500000000e-01 0.000000000000000000e+00
4.833984375000000000e-02 6.665039062500000000e-01 0.000000000000000000e+00
9.399414062500000000e-01 1.420898437500000000e-01 0.000000000000000000e+00
9.399414062500000000e-01 6.665039062500000000e-01 1.000000000000000000e+00
9.399414062500000000e-01 6.665039062500000000e-01 0.000000000000000000e+00
5.483398437500000000e-01 6.420898437500000000e-01 0.000000000000000000e+00
4.399414062500000000e-01 6.420898437500000000e-01 0.000000000000000000e+00
5.483398437500000000e-01 1.665039062500000000e-01 0.000000000000000000e+00
5.483398437500000000e-01 6.420898437500000000e-01 1.000000000000000000e+00
5.483398437500000000e-01 1.665039062500000000e-01 1.000000000000000000e+00
4.399414062500000000e-01 6.420898437500000000e-01 1.000000000000000000e+00
4.399414062500000000e-01 1.665039062500000000e-01 0.000000000000000000e+00
4.399414062500000000e-01 1.665039062500000000e-01 1.000000000000000000e+00
7.983398437500000000e-01 3.920898437500000000e-01 1.000000000000000000e+00
6.899414062500000000e-01 3.920898437500000000e-01 1.000000000000000000e+00
7.983398437500000000e-01 4.165039062500000000e-01 1.000000000000000000e+00
7.983398437500000000e-01 3.920898437500000000e-01 1.000000000000000000e+00
7.983398437500000000e-01 4.165039062500000000e-01 1.000000000000000000e+00
6.899414062500000000e-01 3.920898437500000000e-01 1.000000000000000000e+00
6.899414062500000000e-01 4.165039062500000000e-01 1.000000000000000000e+00
6.899414062500000000e-01 4.165039062500000000e-01 1.000000000000000000e+00
2.983398437500000000e-01 8.920898437500000000e-01 0.000000000000000000e+00
1.899414062500000000e-01 8.920898437500000000e-01 0.000000000000000000e+00
2.983398437500000000e-01 9.165039062500000000e-01 0.000000000000000000e+00
2.983398437500000000e-01 8.920898437500000000e-01 0.000000000000000000e+00
2.983398437500000000e-01 9.165039062500000000e-01 0.000000000000000000e+00
1.899414062500000000e-01 8.920898437500000000e-01 0.000000000000000000e+00
1.899414062500000000e-01 9.165039062500000000e-01 0.000000000000000000e+00
1.899414062500000000e-01 9.165039062500000000e-01 0.000000000000000000e+00
4.233398437500000000e-01 2.670898437500000000e-01 0.000000000000000000e+00
6.494140625000000000e-02 2.670898437500000000e-01 0.000000000000000000e+00
4.233398437500000000e-01 7.915039062500000000e-01 0.000000000000000000e+00
4.233398437500000000e-01 2.670898437500000000e-01 0.000000000000000000e+00
4.233398437500000000e-01 7.915039062500000000e-01 0.000000000000000000e+00
6.494140625000000000e-02 2.670898437500000000e-01 0.000000000000000000e+00
6.494140625000000000e-02 7.915039062500000000e-01 0.000000000000000000e+00
6.494140625000000000e-02 7.915039062500000000e-01 0.000000000000000000e+00
9.233398437500000000e-01 7.670898437500000000e-01 1.000000000000000000e+00
5.649414062500000000e-01 7.670898437500000000e-01 1.000000000000000000e+00
9.233398437500000000e-01 2.915039062500000000e-01 1.000000000000000000e+00
9.233398437500000000e-01 7.670898437500000000e-01 1.000000000000000000e+00
9.233398437500000000e-01 2.915039062500000000e-01 1.000000000000000000e+00
5.649414062500000000e-01 7.670898437500000000e-01 1.000000000000000000e+00
5.649414062500000000e-01 2.915039062500000000e-01 1.000000000000000000e+00
5.649414062500000000e-01 2.915039062500000000e-01 1.000000000000000000e+00
6.733398437500000000e-01 1.708984375000000000e-02 0.000000000000000000e+00
3.149414062500000000e-01 1.708984375000000000e-02 0.000000000000000000e+00
6.733398437500000000e-01 4.150390625000000000e-02 0.000000000000000000e+00
6.733398437500000000e-01 1.708984375000000000e-02 1.000000000000000000e+00
6.733398437500000000e-01 4.150390625000000000e-02 1.000000000000000000e+00
3.149414062500000000e-01 1.708984375000000000e-02 1.000000000000000000e+00
3.149414062500000000e-01 4.150390625000000000e-02 0.000000000000000000e+00
3.149414062500000000e-01 4.150390625000000000e-02 1.000000000000000000e+00
1.733398437500000000e-01 5.170898437500000000e-01 1.000000000000000000e+00
8.149414062500000000e-01 5.170898437500000000e-01 1.000000000000000000e+00
1.733398437500000000e-01 5.415039062500000000e-01 1.000000000000000000e+00
1.733398437500000000e-01 5.170898437500000000e-01 0.000000000000000000e+00
1.733398437500000000e-01 5.415039062500000000e-01 0.000000000000000000e+00
8.149414062500000000e-01 5.170898437500000000e-01 0.000000000000000000e+00
8.149414062500000000e-01 5.415039062500000000e-01 1.000000000000000000e+00
8.149414062500000000e-01 5.415039062500000000e-01 0.000000000000000000e+00
2.358398437500000000e-01 4.545898437500000000e-01 0.000000000000000000e+00
5.024414062500000000e-01 4.545898437500000000e-01 0.000000000000000000e+00
2.358398437500000000e-01 2.290039062500000000e-01 0.000000000000000000e+00
2.358398437500000000e-01 4.545898437500000000e-01 0.000000000000000000e+00
2.358398437500000000e-01 2.290039062500000000e-01 0.000000000000000000e+00
5.024414062500000000e-01 4.545898437500000000e-01 0.000000000000000000e+00
5.024414062500000000e-01 2.290039062500000000e-01 0.000000000000000000e+00
5.024414062500000000e-01 2.290039062500000000e-01 0.000000000000000000e+00
7.358398437500000000e-01 9.545898437500000000e-01 1.000000000000000000e+00
2.441406250000000000e-03 9.545898437500000000e-01 1.000000000000000000e+00
7.358398437500000000e-01 7.290039062500000000e-01 1.000000000000000000e+00
7.358398437500000000e-01 9.545898437500000000e-01 1.000000000000000000e+00
7.358398437500000000e-01 7.290039062500000000e-01 1.000000000000000000e+00
2.441406250000000000e-03 9.545898437500000000e-01 1.000000000000000000e+00
2.441406250000000000e-03 7.290039062500000000e-01 1.000000000000000000e+00
2.441406250000000000e-03 7.290039062500000000e-01 1.000000000000000000e+00
9.858398437500000000e-01 2.045898437500000000e-01 0.000000000000000000e+00
7.524414062500000000e-01 2.045898437500000000e-01 0.000000000000000000e+00
9.858398437500000000e-01 9.790039062500000000e-01 0.000000000000000000e+00
9.858398437500000000e-01 2.045898437500000000e-01 1.000000000000000000e+00
9.858398437500000000e-01 9.790039062500000000e-01 1.000000000000000000e+00
7.524414062500000000e-01 2.045898437500000000e-01 1.000000000000000000e+00
7.524414062500000000e-01 9.790039062500000000e-01 0.000000000000000000e+00
7.524414062500000000e-01 9.790039062500000000e-01 1.000000000000000000e+00
4.858398437500000000e-01 7.045898437500000000e-01 1.000000000000000000e+00
2.524414062500000000e-01 7.045898437500000000e-01 1.000000000000000000e+00
4.858398437500000000e-01 4.790039062500000000e-01 1.000000000000000000e+00
4.858398437500000000e-01 7.045898437500000000e-01 0.000000000000000000e+00
4.858398437500000000e-01 4.790039062500000000e-01 0.000000000000000000e+00
2.524414062500000000e-01 7.045898437500000000e-01 0.000000000000000000e+00
2.524414062500000000e-01 4.790039062500000000e-01 1.000000000000000000e+00
2.524414062500000000e-01 4.790039062500000000e-01 0.000000000000000000e+00
3.608398437500000000e-01 7.958984375000000000e-02 1.000000000000000000e+00
3.774414062500000000e-01 7.958984375000000000e-02 1.000000000000000000e+00
3.608398437500000000e-01 3.540039062500000000e-01 1.000000000000000000e+00
3.608398437500000000e-01 7.958984375000000000e-02 0.000000000000000000e+00
3.608398437500000000e-01 3.540039062500000000e-01 0.000000000000000000e+00
3.774414062500000000e-01 7.958984375000000000e-02 0.000000000000000000e+00
3.774414062500000000e-01 3.540039062500000000e-01 1.000000000000000000e+00
3.774414062500000000e-01 3.540039062500000000e-01 0.000000000000000000e+00
8.608398437500000000e-01 5.795898437500000000e-01 0.000000000000000000e+00
8.774414062500000000e-01 5.795898437500000000e-01 0.000000000000000000e+00
8.608398437500000000e-01 8.540039062500000000e-01 0.000000000000000000e+00
8.608398437500000000e-01 5.795898437500000000e-01 1.000000000000000000e+00
8.608398437500000000e-01 8.540039062500000000e-01 1.000000000000000000e+00
8.774414062500000000e-01 5.795898437500000000e-01 1.000000000000000000e+00
8.774414062500000000e-01 8.540039062500000000e-01 0.000000000000000000e+00
8.774414062500000000e-01 8.540039062500000000e-01 1.000000000000000000e+00
6.108398437500000000e-01 3.295898437500000000e-01 1.000000000000000000e+00
1.274414062500000000e-01 3.295898437500000000e-01 1.000000000000000000e+00
6.108398437500000000e-01 6.040039062500000000e-01 1.000000000000000000e+00
6.108398437500000000e-01 3.295898437500000000e-01 1.000000000000000000e+00
6.108398437500000000e-01 6.040039062500000000e-01 1.000000000000000000e+00
1.274414062500000000e-01 3.295898437500000000e-01 1.000000000000000000e+00
1.274414062500000000e-01 6.040039062500000000e-01 1.000000000000000000e+00
1.274414062500000000e-01 6.040039062500000000e-01 1.000000000000000000e+00
1.108398437500000000e-01 8.295898437500000000e-01 0.000000000000000000e+00
6.274414062500000000e-01 8.295898437500000000e-01 0.000000000000000000e+00
1.108398437500000000e-01 1.040039062500000000e-01 0.000000000000000000e+00
1.108398437500000000e-01 8.295898437500000000e-01 0.000000000000000000e+00
1.108398437500000000e-01 1.040039062500000000e-01 0.000000000000000000e+00
6.274414062500000000e-01 8.295898437500000000e-01 0.000000000000000000e+00
6.274414062500000000e-01 1.040039062500000000e-01 0.000000000000000000e+00
6.274414062500000000e-01 1.040039062500000000e-01 0.000000000000000000e+00
7.958984375000000000e-02 3.608398437500000000e-01 1.000000000000000000e+00
3.461914062500000000e-01 3.608398437500000000e-01 1.000000000000000000e+00
7.958984375000000000e-02 8.852539062500000000e-01 1.000000000000000000e+00
7.958984375000000000e-02 3.608398437500000000e-01 1.000000000000000000e+00
7.958984375000000000e-02 8.852539062500000000e-01 1.000000000000000000e+00
3.461914062500000000e-01 3.608398437500000000e-01 1.000000000000000000e+00
3.461914062500000000e-01 8.852539062500000000e-01 1.000000000000000000e+00
3.461914062500000000e-01 8.852539062500000000e-01 1.000000000000000000e+00
5.795898437500000000e-01 8.608398437500000000e-01 0.000000000000000000e+00
8.461914062500000000e-01 8.608398437500000000e-01 0.000000000000000000e+00
5.795898437500000000e-01 3.852539062500000000e-01 0.000000000000000000e+00
5.795898437500000000e-01 8.608398437500000000e-01 0.000000000000000000e+00
5.795898437500000000e-01 3.852539062500000000e-01 0.000000000000000000e+00
8.461914062500000000e-01 8.608398437500000000e-01 0.000000000000000000e+00
8.461914062500000000e-01 3.852539062500000000e-01 0.000000000000000000e+00
8.461914062500000000e-01 3.852539062500000000e-01 0.000000000000000000e+00
8.295898437500000000e-01 1.108398437500000000e-01 1.000000000000000000e+00
9.619140625000000000e-02 1.108398437500000000e-01 1.000000000000000000e+00
8.295898437500000000e-01 1.352539062500000000e-01 1.000000000000000000e+00
8.295898437500000000e-01 1.108398437500000000e-01 0.000000000000000000e+00
8.295898437500000000e-01 1.352539062500000000e-01 0.000000000000000000e+00
9.619140625000000000e-02 1.108398437500000000e-01 0.000000000000000000e+00
9.619140625000000000e-02 1.352539062500000000e-01 1.000000000000000000e+00
9.619140625000000000e-02 1.352539062500000000e-01 0.000000000000000000e+00
3.295898437500000000e-01 6.108398437500000000e-01 0.000000000000000000e+00
5.961914062500000000e-01 6.108398437500000000e-01 0.000000000000000000e+00
3.295898437500000000e-01 6.352539062500000000e-01 0.000000000000000000e+00
3.295898437500000000e-01 6.108398437500000000e-01 1.000000000000000000e+00
3.295898437500000000e-01 6.352539062500000000e-01 1.000000000000000000e+00
5.961914062500000000e-01 6.108398437500000000e-01 1.000000000000000000e+00
5.961914062500000000e-01 6.352539062500000000e-01 0.000000000000000000e+00
5.961914062500000000e-01 6.352539062500000000e-01 1.000000000000000000e+00
4.545898437500000000e-01 2.358398437500000000e-01 0.000000000000000000e+00
7.211914062500000000e-01 2.358398437500000000e-01 0.000000000000000000e+00
4.545898437500000000e-01 5.102539062500000000e-01 0.000000000000000000e+00
4.545898437500000000e-01 2.358398437500000000e-01 1.000000000000000000e+00
4.545898437500000000e-01 5.102539062500000000e-01 1.000000000000000000e+00
7.211914062500000000e-01 2.358398437500000000e-01 1.000000000000000000e+00
7.211914062500000000e-01 5.102539062500000000e-01 0.000000000000000000e+00
7.211914062500000000e-01 5.102539062500000000e-01 1.000000000000000000e+00
9.545898437500000000e-01 7.358398437500000000e-01 1.000000000000000000e+00
2.211914062500000000e-01 7.358398437500000000e-01 1.000000000000000000e+00
9.545898437500000000e-01 1.025390625000000000e-02 1.000000000000000000e+00
9.545898437500000000e-01 7.358398437500000000e-01 0.000000000000000000e+00
9.545898437500000000e-01 1.025390625000000000e-02 0.000000000000000000e+00
2.211914062500000000e-01 7.358398437500000000e-01 0.000000000000000000e+00
2.211914062500000000e-01 1.025390625000000000e-02 1.000000000000000000e+00
2.211914062500000000e-01 1.025390625000000000e-02 0.000000000000000000e+00
7.045898437500000000e-01 4.858398437500000000e-01 0.000000000000000000e+00
9.711914062500000000e-01 4.858398437500000000e-01 0.000000000000000000e+00
7.045898437500000000e-01 2.602539062500000000e-01 0.000000000000000000e+00
7.045898437500000000e-01 4.858398437500000000e-01 0.000000000000000000e+00
7.045898437500000000e-01 2.602539062500000000e-01 0.000000000000000000e+00
9.711914062500000000e-01 4.858398437500000000e-01 0.000000000000000000e+00
9.711914062500000000e-01 2.602539062500000000e-01 0.000000000000000000e+00
9.711914062500000000e-01 2.602539062500000000e-01 0.000000000000000000e+00
2.045898437500000000e-01 9.858398437500000000e-01 1.000000000000000000e+00
4.711914062500000000e-01 9.858398437500000000e-01 1.000000000000000000e+00
2.045898437500000000e-01 7.602539062500000000e-01 1.000000000000000000e+00
2.045898437500000000e-01 9.858398437500000000e-01 1.000000000000000000e+00
2.045898437500000000e-01 7.602539062500000000e-01 1.000000000000000000e+00
4.711914062500000000e-01 9.858398437500000000e-01 1.000000000000000000e+00
4.711914062500000000e-01 7.602539062500000000e-01 1.000000000000000000e+00
4.711914062500000000e-01 7.602539062500000000e-01 1.000000000000000000e+00
1.420898437500000000e-01 4.833984375000000000e-02 0.000000000000000000e+00
1.586914062500000000e-01 4.833984375000000000e-02 0.000000000000000000e+00
1.420898437500000000e-01 4.477539062500000000e-01 0.000000000000000000e+00
1.420898437500000000e-01 4.833984375000000000e-02 1.000000000000000000e+00
1.420898437500000000e-01 4.477539062500000000e-01 1.000000000000000000e+00
1.586914062500000000e-01 4.833984375000000000e-02 1.000000000000000000e+00
1.586914062500000000e-01 4.477539062500000000e-01 0.000000000000000000e+00
1.586914062500000000e-01 4.477539062500000000e-01 1.000000000000000000e+00
6.420898437500000000e-01 5.483398437500000000e-01 1.000000000000000000e+00
6.586914062500000000e-01 5.483398437500000000e-01 1.000000000000000000e+00
6.420898437500000000e-01 9.477539062500000000e-01 1.000000000000000000e+00
6.420898437500000000e-01 5.483398437500000000e-01 0.000000000000000000e+00
6.420898437500000000e-01 9.477539062500000000e-01 0.000000000000000000e+00
6.586914062500000000e-01 5.483398437500000000e-01 0.000000000000000000e+00
6.586914062500000000e-01 9.477539062500000000e-01 1.000000000000000000e+00
6.586914062500000000e-01 9.477539062500000000e-01 0.000000000000000000e+00
8.920898437500000000e-01 2.983398437500000000e-01 0.000000000000000000e+00
4.086914062500000000e-01 2.983398437500000000e-01 0.000000000000000000e+00
8.920898437500000000e-01 6.977539062500000000e-01 0.000000000000000000e+00
8.920898437500000000e-01 2.983398437500000000e-01 0.000000000000000000e+00
8.920898437500000000e-01 6.977539062500000000e-01 0.000000000000000000e+00
4.086914062500000000e-01 2.983398437500000000e-01 0.000000000000000000e+00
4.086914062500000000e-01 6.977539062500000000e-01 0.000000000000000000e+00
4.086914062500000000e-01 6.977539062500000000e-01 0.000000000000000000e+00
3.920898437500000000e-01 7.983398437500000000e-01 1.000000000000000000e+00
9.086914062500000000e-01 7.983398437500000000e-01 1.000000000000000000e+00
3.920898437500000000e-01 1.977539062500000000e-01 1.000000000000000000e+00
3.920898437500000000e-01 7.983398437500000000e-01 1.000000000000000000e+00
3.920898437500000000e-01 1.977539062500000000e-01 1.000000000000000000e+00
9.086914062500000000e-01 7.983398437500000000e-01 1.000000000000000000e+00
9.086914062500000000e-01 1.977539062500000000e-01 1.000000000000000000e+00
9.086914062500000000e-01 1.977539062500000000e-01 1.000000000000000000e+00
2.670898437500000000e-01 4.233398437500000000e-01 1.000000000000000000e+00
7.836914062500000000e-01 4.233398437500000000e-01 1.000000000000000000e+00
2.670898437500000000e-01 7.275390625000000000e-02 1.000000000000000000e+00
2.670898437500000000e-01 4.233398437500000000e-01 1.000000000000000000e+00
2.670898437500000000e-01 7.275390625000000000e-02 1.000000000000000000e+00
7.836914062500000000e-01 4.233398437500000000e-01 1.000000000000000000e+00
7.836914062500000000e-01 7.275390625000000000e-02 1.000000000000000000e+00
7.836914062500000000e-01 7.275390625000000000e-02 1.000000000000000000e+00
7.670898437500000000e-01 9.233398437500000000e-01 0.000000000000000000e+00
2.836914062500000000e-01 9.233398437500000000e-01 0.000000000000000000e+00
7.670898437500000000e-01 5.727539062500000000e-01 0.000000000000000000e+00
7.670898437500000000e-01 9.233398437500000000e-01 0.000000000000000000e+00
7.670898437500000000e-01 5.727539062500000000e-01 0.000000000000000000e+00
2.836914062500000000e-01 9.233398437500000000e-01 0.000000000000000000e+00
2.836914062500000000e-01 5.727539062500000000e-01 0.000000000000000000e+00
2.836914062500000000e-01 5.727539062500000000e-01 0.000000000000000000e+00
5.170898437500000000e-01 1.733398437500000000e-01 1.000000000000000000e+00
5.336914062500000000e-01 1.733398437500000000e-01 1.000000000000000000e+00
5.170898437500000000e-01 8.227539062500000000e-01 1.000000000000000000e+00
5.170898437500000000e-01 1.733398437500000000e-01 0.000000000000000000e+00
5.170898437500000000e-01 8.227539062500000000e-01 0.000000000000000000e+00
5.336914062500000000e-01 1.733398437500000000e-01 0.000000000000000000e+00
5.336914062500000000e-01 8.227539062500000000e-01 1.000000000000000000e+00
5.336914062500000000e-01 8.227539062500000000e-01 0.000000000000000000e+00
1.708984375000000000e-02 6.733398437500000000e-01 0.000000000000000000e+00
3.369140625000000000e-02 6.733398437500000000e-01 0.000000000000000000e+00
1.708984375000000000e-02 3.227539062500000000e-01 0.000000000000000000e+00
1.708984375000000000e-02 6.733398437500000000e-01 1.000000000000000000e+00
1.708984375000000000e-02 3.227539062500000000e-01 1.000000000000000000e+00
3.369140625000000000e-02 6.733398437500000000e-01 1.000000000000000000e+00
3.369140625000000000e-02 3.227539062500000000e-01 0.000000000000000000e+00
3.369140625000000000e-02 3.227539062500000000e-01 1.000000000000000000e+00
2.490234375000000000e-02 2.490234375000000000e-02 1.000000000000000000e+00
6.665039062500000000e-01 2.490234375000000000e-02 1.000000000000000000e+00
2.490234375000000000e-02 1.586914062500000000e-01 1.000000000000000000e+00
2.490234375000000000e-02 2.490234375000000000e-02 1.000000000000000000e+00
2.490234375000000000e-02 1.586914062500000000e-01 1.000000000000000000e+00
6.665039062500000000e-01 2.490234375000000000e-02 1.000000000000000000e+00
6.665039062500000000e-01 1.586914062500000000e-01 1.000000000000000000e+00
6.665039062500000000e-01 1.586914062500000000e-01 1.000000000000000000e+00
5.249023437500000000e-01 5.249023437500000000e-01 0.000000000000000000e+00
1.665039062500000000e-01 5.249023437500000000e-01 0.000000000000000000e+00
5.249023437500000000e-01 6.586914062500000000e-01 0.000000000000000000e+00
5.249023437500000000e-01 5.249023437500000000e-01 0.000000000000000000e+00
5.249023437500000000e-01 6.586914062500000000e-01 0.000000000000000000e+00
1.665039062500000000e-01 5.249023437500000000e-01 0.000000000000000000e+00
1.665039062500000000e-01 6.586914062500000000e-01 0.000000000000000000e+00
1.665039062500000000e-01 6.586914062500000000e-01 0.000000000000000000e+00
7.749023437500000000e-01 2.749023437500000000e-01 1.000000000000000000e+00
9.165039062500000000e-01 2.749023437500000000e-01 1.000000000000000000e+00
7.749023437500000000e-01 9.086914062500000000e-01 1.000000000000000000e+00
7.749023437500000000e-01 2.749023437500000000e-01 0.000000000000000000e+00
7.749023437500000000e-01 9.086914062500000000e-01 0.000000000000000000e+00
9.165039062500000000e-01 2.749023437500000000e-01 0.000000000000000000e+00
9.165039062500000000e-01 9.086914062500000000e-01 1.000000000000000000e+00
9.165039062500000000e-01 9.086914062500000000e-01 0.000000000000000000e+00
2.749023437500000000e-01 7.749023437500000000e-01 0.000000000000000000e+00
4.165039062500000000e-01 7.749023437500000000e-01 0.000000000000000000e+00
2.749023437500000000e-01 4.086914062500000000e-01 0.000000000000000000e+00
2.749023437500000000e-01 7.749023437500000000e-01 1.000000000000000000e+00
2.749023437500000000e-01 4.086914062500000000e-01 1.000000000000000000e+00
4.165039062500000000e-01 7.749023437500000000e-01 1.000000000000000000e+00
4.165039062500000000e-01 4.086914062500000000e-01 0.000000000000000000e+00
4.165039062500000000e-01 4.086914062500000000e-01 1.000000000000000000e+00
3.999023437500000000e-01 3.999023437500000000e-01 0.000000000000000000e+00
2.915039062500000000e-01 3.999023437500000000e-01 0.000000000000000000e+00
3.999023437500000000e-01 2.836914062500000000e-01 0.000000000000000000e+00
3.999023437500000000e-01 3.999023437500000000e-01 1.000000000000000000e+00
3.999023437500000000e-01 2.836914062500000000e-01 1.000000000000000000e+00
2.915039062500000000e-01 3.999023437500000000e-01 1.000000000000000000e+00
2.915039062500000000e-01 2.836914062500000000e-01 0.000000000000000000e+00
2.915039062500000000e-01 2.836914062500000000e-01 1.000000000000000000e+00
8.999023437500000000e-01 8.999023437500000000e-01 1.000000000000000000e+00
7.915039062500000000e-01 8.999023437500000000e-01 1.000000000000000000e+00
8.999023437500000000e-01 7.836914062500000000e-01 1.000000000000000000e+00
8.999023437500000000e-01 8.999023437500000000e-01 0.000000000000000000e+00
8.999023437500000000e-01 7.836914062500000000e-01 0.000000000000000000e+00
7.915039062500000000e-01 8.999023437500000000e-01 0.000000000000000000e+00
7.915039062500000000e-01 7.836914062500000000e-01 1.000000000000000000e+00
7.915039062500000000e-01 7.836914062500000000e-01 0.000000000000000000e+00
6.499023437500000000e-01 1.499023437500000000e-01 0.000000000000000000e+00
4.150390625000000000e-02 1.499023437500000000e-01 0.000000000000000000e+00
6.499023437500000000e-01 5.336914062500000000e-01 0.000000000000000000e+00
6.499023437500000000e-01 1.499023437500000000e-01 0.000000000000000000e+00
6.499023437500000000e-01 5.336914062500000000e-01 0.000000000000000000e+00
4.150390625000000000e-02 1.499023437500000000e-01 0.000000000000000000e+00
4.150390625000000000e-02 5.336914062500000000e-01 0.000000000000000000e+00
4.150390625000000000e-02 5.336914062500000000e-01 0.000000000000000000e+00
1.499023437500000000e-01 6.499023437500000000e-01 1.000000000000000000e+00
5.415039062500000000e-01 6.499023437500000000e-01 1.000000000000000000e+00
1.499023437500000000e-01 3.369140625000000000e-02 1.000000000000000000e+00
1.499023437500000000e-01 6.499023437500000000e-01 1.000000000000000000e+00
1.499023437500000000e-01 3.369140625000000000e-02 1.000000000000000000e+00
5.415039062500000000e-01 6.499023437500000000e-01 1.000000000000000000e+00
5.415039062500000000e-01 3.369140625000000000e-02 1.000000000000000000e+00
5.415039062500000000e-01 3.369140625000000000e-02 1.000000000000000000e+00
2.124023437500000000e-01 3.374023437500000000e-01 0.000000000000000000e+00
8.540039062500000000e-01 3.374023437500000000e-01 0.000000000000000000e+00
2.124023437500000000e-01 7.211914062500000000e-01 0.000000000000000000e+00
2.124023437500000000e-01 3.374023437500000000e-01 1.000000000000000000e+00
2.124023437500000000e-01 7.211914062500000000e-01 1.000000000000000000e+00
8.540039062500000000e-01 3.374023437500000000e-01 1.000000000000000000e+00
8.540039062500000000e-01 7.211914062500000000e-01 0.000000000000000000e+00
8.540039062500000000e-01 7.211914062500000000e-01 1.000000000000000000e+00
7.124023437500000000e-01 8.374023437500000000e-01 1.000000000000000000e+00
3.540039062500000000e-01 8.374023437500000000e-01 1.000000000000000000e+00
7.124023437500000000e-01 2.211914062500000000e-01 1.000000000000000000e+00
7.124023437500000000e-01 8.374023437500000000e-01 0.000000000000000000e+00
7.124023437500000000e-01 2.211914062500000000e-01 0.000000000000000000e+00
3.540039062500000000e-01 8.374023437500000000e-01 0.000000000000000000e+00
3.540039062500000000e-01 2.211914062500000000e-01 1.000000000000000000e+00
3.540039062500000000e-01 2.211914062500000000e-01 0.000000000000000000e+00
9.624023437500000000e-01 8.740234375000000000e-02 0.000000000000000000e+00
6.040039062500000000e-01 8.740234375000000000e-02 0.000000000000000000e+00
9.624023437500000000e-01 4.711914062500000000e-01 0.000000000000000000e+00
9.624023437500000000e-01 8.740234375000000000e-02 0.000000000000000000e+00
9.624023437500000000e-01 4.711914062500000000e-01 0.000000000000000000e+00
6.040039062500000000e-01 8.740234375000000000e-02 0.000000000000000000e+00
6.040039062500000000e-01 4.711914062500000000e-01 0.000000000000000000e+00
6.040039062500000000e-01 4.711914062500000000e-01 0.000000000000000000e+00
4.624023437500000000e-01 5.874023437500000000e-01 1.000000000000000000e+00
1.040039062500000000e-01 5.874023437500000000e-01 1.000000000000000000e+00
4.624023437500000000e-01 9.711914062500000000e-01 1.000000000000000000e+00
4.624023437500000000e-01 5.874023437500000000e-01 1.000000000000000000e+00
4.624023437500000000e-01 9.711914062500000000e-01 1.000000000000000000e+00
1.040039062500000000e-01 5.874023437500000000e-01 1.000000000000000000e+00
1.040039062500000000e-01 9.711914062500000000e-01 1.000000000000000000e+00
1.040039062500000000e-01 9.711914062500000000e-01 1.000000000000000000e+00
